618;sleep_hours;3.6
482;netflix_hours;2.4
798;social_media_hours;1.3
724;attendance_percentage;82.2
500;study_hours_per_day;5.2
562;sleep_hours;6.2
381;exam_score;78.7
291;study_hours_per_day;3.3
532;mental_health_rating;7
72;social_media_hours;3.4
360;study_hours_per_day;3.3
334;study_hours_per_day;3.2
627;netflix_hours;1.4
591;exercise_frequency;0
128;attendance_percentage;87.0
893;exam_score;64.4
606;gender;Male
842;sleep_hours;7.7
199;gender;Other
811;parental_education_level;High School
859;netflix_hours;1.6
493;mental_health_rating;2
511;age;20
714;parental_education_level;Master
485;sleep_hours;6.5
79;gender;Female
810;netflix_hours;2.0
242;sleep_hours;4.8
417;attendance_percentage;86.6
594;age;22
629;parental_education_level;Master
783;netflix_hours;0.0
494;attendance_percentage;100.0
742;social_media_hours;3.2
519;sleep_hours;8.2
694;mental_health_rating;3
347;exam_score;67.9
895;gender;Male
427;study_hours_per_day;2.8
619;parental_education_level;Bachelor
415;exercise_frequency;1
475;sleep_hours;5.7
608;sleep_hours;5.5
488;gender;Female
429;mental_health_rating;2
388;exercise_frequency;1
7;mental_health_rating;4
898;exercise_frequency;4
415;mental_health_rating;4
355;sleep_hours;6.5
566;exam_score;93.0
159;exercise_frequency;3
352;exam_score;96.8
448;exam_score;63.6
571;netflix_hours;2.0
64;netflix_hours;0.9
174;parental_education_level;Master
763;netflix_hours;1.8
891;attendance_percentage;66.3
420;gender;Male
257;mental_health_rating;4
501;mental_health_rating;5
767;exercise_frequency;3
627;exam_score;88.6
652;exercise_frequency;3
74;mental_health_rating;1
730;study_hours_per_day;3.2
612;gender;Female
457;gender;Male
97;mental_health_rating;3
160;netflix_hours;3.3
485;social_media_hours;2.9
615;gender;Female
770;attendance_percentage;90.9
505;sleep_hours;7.3
711;exam_score;91.3
757;parental_education_level;High School
281;parental_education_level;High School
66;social_media_hours;0.3
776;study_hours_per_day;3.2
119;attendance_percentage;83.0
82;social_media_hours;2.6
711;exercise_frequency;5
266;attendance_percentage;100.0
356;netflix_hours;2.6
521;exercise_frequency;4
753;social_media_hours;3.2
596;exercise_frequency;3
230;attendance_percentage;95.4
164;age;19
260;netflix_hours;2.0
49;attendance_percentage;85.7
346;parental_education_level;Bachelor
618;attendance_percentage;81.8
390;netflix_hours;1.0
643;social_media_hours;3.1
473;mental_health_rating;1
520;study_hours_per_day;4.7
486;exercise_frequency;0
401;social_media_hours;3.9
535;study_hours_per_day;5.0
213;mental_health_rating;8
94;social_media_hours;0.0
715;attendance_percentage;72.9
885;netflix_hours;1.4
478;social_media_hours;2.9
300;exam_score;41.7
879;mental_health_rating;4
558;study_hours_per_day;2.4
83;gender;Male
722;attendance_percentage;83.1
129;gender;Male
280;mental_health_rating;1
244;parental_education_level;Bachelor
856;gender;Female
170;parental_education_level;Bachelor
539;social_media_hours;2.3
877;parental_education_level;High School
523;exercise_frequency;4
679;social_media_hours;4.0
332;attendance_percentage;85.8
429;social_media_hours;2.0
10;parental_education_level;Bachelor
347;mental_health_rating;6
67;netflix_hours;1.8
635;mental_health_rating;3
812;exercise_frequency;5
601;exam_score;62.5
555;parental_education_level;High School
723;exercise_frequency;1
277;mental_health_rating;4
1;parental_education_level;Master
851;study_hours_per_day;1.2
786;exercise_frequency;2
373;attendance_percentage;68.0
104;parental_education_level;High School
850;parental_education_level;Bachelor
24;mental_health_rating;2
543;social_media_hours;1.6
3;sleep_hours;8.0
631;sleep_hours;5.6
172;mental_health_rating;4
159;attendance_percentage;85.8
572;age;23
6;attendance_percentage;82.9
255;gender;Female
739;exam_score;43.5
125;exercise_frequency;4
828;age;21
165;exam_score;67.4
600;mental_health_rating;9
441;mental_health_rating;7
657;age;21
244;age;17
387;attendance_percentage;82.3
335;attendance_percentage;87.8
661;mental_health_rating;1
25;parental_education_level;High School
227;netflix_hours;0.0
399;exercise_frequency;6
397;study_hours_per_day;4.9
263;study_hours_per_day;4.1
302;age;24
223;exam_score;60.6
469;age;24
575;study_hours_per_day;3.3
885;gender;Female
227;social_media_hours;4.1
492;netflix_hours;0.8
527;parental_education_level;High School
146;attendance_percentage;93.9
191;exam_score;75.8
617;age;20
175;study_hours_per_day;0.8
281;attendance_percentage;76.6
809;exam_score;84.5
666;attendance_percentage;85.5
162;exercise_frequency;6
604;study_hours_per_day;4.2
410;study_hours_per_day;4.0
673;gender;Female
775;social_media_hours;1.8
304;parental_education_level;Master
202;attendance_percentage;86.4
723;age;17
259;study_hours_per_day;4.6
96;sleep_hours;4.5
439;gender;Female
878;exercise_frequency;3
624;gender;Female
499;attendance_percentage;92.5
189;exercise_frequency;6
136;attendance_percentage;94.6
728;exercise_frequency;2
570;sleep_hours;8.3
196;parental_education_level;Bachelor
711;mental_health_rating;10
398;gender;Male
698;gender;Female
612;parental_education_level;High School
353;attendance_percentage;90.4
898;attendance_percentage;67.5
209;parental_education_level;Bachelor
81;exercise_frequency;5
188;exam_score;56.4
537;social_media_hours;4.4
151;age;17
436;exercise_frequency;6
804;attendance_percentage;85.3
445;attendance_percentage;84.1
714;age;24
655;social_media_hours;3.0
424;sleep_hours;7.6
159;exam_score;83.8
192;age;21
540;gender;Male
616;age;18
741;study_hours_per_day;4.9
85;netflix_hours;2.1
236;social_media_hours;3.7
696;sleep_hours;6.2
267;exercise_frequency;1
887;attendance_percentage;89.1
857;sleep_hours;5.6
340;netflix_hours;0.6
548;attendance_percentage;100.0
864;attendance_percentage;81.5
43;mental_health_rating;9
80;social_media_hours;0.6
71;sleep_hours;5.5
646;study_hours_per_day;5.5
326;gender;Male
364;gender;Male
438;netflix_hours;2.2
811;age;17
750;study_hours_per_day;4.3
609;age;22
435;study_hours_per_day;3.0
97;study_hours_per_day;2.1
604;exam_score;75.3
475;social_media_hours;2.1
806;study_hours_per_day;3.5
264;study_hours_per_day;2.7
744;gender;Male
882;age;17
736;sleep_hours;5.9
142;parental_education_level;High School
865;parental_education_level;Master
10;study_hours_per_day;4.8
189;parental_education_level;Bachelor
29;age;20
665;exercise_frequency;4
99;social_media_hours;3.9
719;gender;Female
550;exercise_frequency;1
696;parental_education_level;High School
11;attendance_percentage;71.7
487;mental_health_rating;7
767;study_hours_per_day;3.5
172;study_hours_per_day;1.4
613;exam_score;82.2
350;mental_health_rating;6
363;study_hours_per_day;3.2
552;age;20
848;exercise_frequency;1
215;parental_education_level;Master
257;exercise_frequency;4
144;exercise_frequency;4
686;mental_health_rating;4
325;study_hours_per_day;0.7
7;exercise_frequency;2
599;mental_health_rating;10
778;attendance_percentage;86.4
704;social_media_hours;1.8
797;exercise_frequency;0
577;parental_education_level;High School
660;age;20
790;netflix_hours;2.7
92;netflix_hours;0.8
730;sleep_hours;4.6
177;social_media_hours;0.9
41;study_hours_per_day;3.7
389;gender;Male
726;social_media_hours;1.8
404;parental_education_level;Bachelor
421;gender;Female
296;gender;Male
24;exercise_frequency;4
195;parental_education_level;Bachelor
467;exam_score;87.1
325;social_media_hours;2.2
739;netflix_hours;2.0
222;gender;Male
721;mental_health_rating;4
251;attendance_percentage;96.6
759;exercise_frequency;4
526;mental_health_rating;4
6;gender;Male
387;gender;Female
241;parental_education_level;Master
796;age;18
813;age;20
61;social_media_hours;2.3
219;attendance_percentage;75.0
61;attendance_percentage;76.5
361;study_hours_per_day;2.2
218;attendance_percentage;80.9
130;social_media_hours;3.8
32;exam_score;52.1
204;sleep_hours;6.6
761;attendance_percentage;89.5
170;exercise_frequency;3
871;parental_education_level;High School
334;exam_score;67.9
692;gender;Male
447;netflix_hours;1.3
176;gender;Female
411;attendance_percentage;85.2
110;gender;Male
553;gender;Male
890;exam_score;81.0
672;parental_education_level;Bachelor
644;age;17
253;gender;Male
253;mental_health_rating;1
865;attendance_percentage;82.7
701;social_media_hours;3.6
350;parental_education_level;Bachelor
536;sleep_hours;6.1
181;mental_health_rating;9
788;age;22
175;age;19
63;gender;Female
897;exercise_frequency;1
441;social_media_hours;2.2
401;exam_score;66.8
499;social_media_hours;4.4
245;gender;Male
596;exam_score;36.1
6;sleep_hours;7.4
357;mental_health_rating;9
441;sleep_hours;8.3
544;exam_score;86.4
156;parental_education_level;Bachelor
797;gender;Female
352;mental_health_rating;6
483;social_media_hours;2.5
563;exam_score;45.1
139;parental_education_level;High School
454;social_media_hours;1.2
504;parental_education_level;Bachelor
19;parental_education_level;High School
427;parental_education_level;Bachelor
475;attendance_percentage;74.6
225;study_hours_per_day;4.6
288;exercise_frequency;0
39;mental_health_rating;2
308;exercise_frequency;2
528;netflix_hours;2.2
165;gender;Male
722;social_media_hours;2.2
529;mental_health_rating;1
37;netflix_hours;1.4
212;social_media_hours;0.3
23;social_media_hours;4.1
32;sleep_hours;6.9
885;sleep_hours;8.1
278;netflix_hours;3.9
61;exercise_frequency;3
503;parental_education_level;High School
143;gender;Male
557;sleep_hours;7.2
822;gender;Female
664;gender;Male
512;exam_score;79.3
485;exercise_frequency;6
260;sleep_hours;6.5
711;netflix_hours;1.3
447;social_media_hours;3.6
368;social_media_hours;3.6
574;study_hours_per_day;3.7
115;gender;Male
713;parental_education_level;Bachelor
60;exam_score;94.7
402;gender;Female
102;attendance_percentage;95.7
782;social_media_hours;1.9
885;mental_health_rating;3
99;sleep_hours;8.0
639;netflix_hours;2.2
576;exercise_frequency;2
792;social_media_hours;1.7
79;age;21
172;age;23
20;exercise_frequency;3
521;study_hours_per_day;1.1
218;parental_education_level;High School
562;exercise_frequency;0
598;social_media_hours;3.0
117;netflix_hours;1.6
15;mental_health_rating;7
724;mental_health_rating;2
212;mental_health_rating;9
349;attendance_percentage;82.4
505;netflix_hours;4.3
605;age;20
756;parental_education_level;High School
366;attendance_percentage;96.9
828;netflix_hours;0.1
781;study_hours_per_day;3.6
684;attendance_percentage;85.7
30;study_hours_per_day;3.7
389;age;21
807;social_media_hours;3.0
185;attendance_percentage;92.3
797;age;18
415;parental_education_level;Master
320;age;24
497;social_media_hours;2.5
278;attendance_percentage;97.0
167;age;19
484;attendance_percentage;86.2
750;sleep_hours;8.5
776;parental_education_level;High School
145;exam_score;77.9
68;sleep_hours;6.1
396;netflix_hours;4.3
471;mental_health_rating;5
654;exam_score;58.6
562;mental_health_rating;1
10;mental_health_rating;10
408;gender;Male
236;mental_health_rating;9
443;parental_education_level;Bachelor
86;sleep_hours;6.6
44;sleep_hours;8.4
776;gender;Female
500;attendance_percentage;86.3
779;attendance_percentage;82.2
129;study_hours_per_day;4.0
2;study_hours_per_day;6.9
430;sleep_hours;8.1
675;parental_education_level;Master
265;exercise_frequency;6
763;exercise_frequency;1
702;sleep_hours;7.8
676;exam_score;42.6
319;gender;Other
838;study_hours_per_day;2.7
143;netflix_hours;0.7
850;sleep_hours;6.0
755;mental_health_rating;2
431;social_media_hours;2.9
541;sleep_hours;7.1
887;sleep_hours;7.9
34;study_hours_per_day;4.2
864;social_media_hours;1.0
213;exercise_frequency;6
372;age;20
641;gender;Other
407;attendance_percentage;78.8
665;sleep_hours;6.8
635;exam_score;83.1
218;study_hours_per_day;1.5
585;parental_education_level;High School
118;sleep_hours;6.7
556;gender;Male
400;parental_education_level;High School
82;mental_health_rating;6
164;exercise_frequency;2
443;gender;Female
500;exam_score;97.9
182;exam_score;42.2
713;attendance_percentage;79.0
114;age;21
31;mental_health_rating;3
893;attendance_percentage;74.0
131;gender;Male
28;netflix_hours;2.8
45;gender;Male
328;exam_score;100.0
240;attendance_percentage;66.5
268;study_hours_per_day;6.1
465;mental_health_rating;2
341;gender;Male
71;exercise_frequency;3
339;netflix_hours;0.0
450;mental_health_rating;6
452;attendance_percentage;78.1
802;netflix_hours;0.0
58;exam_score;61.2
541;study_hours_per_day;5.6
156;social_media_hours;2.1
402;exam_score;63.8
91;mental_health_rating;6
435;age;19
136;exam_score;85.2
692;age;18
780;exercise_frequency;1
450;gender;Male
852;parental_education_level;Master
60;study_hours_per_day;4.5
449;gender;Female
531;attendance_percentage;78.4
668;study_hours_per_day;5.9
692;attendance_percentage;91.1
404;exercise_frequency;4
528;exam_score;61.0
432;gender;Female
381;sleep_hours;9.8
538;attendance_percentage;83.2
885;exercise_frequency;6
742;netflix_hours;2.4
142;age;23
418;parental_education_level;Master
780;age;23
838;age;17
557;gender;Female
814;age;20
336;exam_score;45.9
883;social_media_hours;4.3
235;mental_health_rating;2
215;sleep_hours;7.0
751;netflix_hours;3.9
886;exercise_frequency;0
165;netflix_hours;1.5
315;gender;Other
301;exam_score;23.1
424;mental_health_rating;4
351;social_media_hours;1.0
106;attendance_percentage;83.1
225;parental_education_level;Bachelor
235;social_media_hours;1.4
109;attendance_percentage;73.8
822;age;19
183;study_hours_per_day;3.8
773;study_hours_per_day;2.3
545;exam_score;77.3
199;parental_education_level;High School
165;parental_education_level;Bachelor
194;attendance_percentage;82.9
395;social_media_hours;2.0
594;parental_education_level;Master
218;gender;Male
512;exercise_frequency;0
559;exam_score;43.7
106;netflix_hours;2.6
331;study_hours_per_day;6.3
253;age;24
248;sleep_hours;8.7
34;parental_education_level;Bachelor
384;attendance_percentage;93.9
491;attendance_percentage;84.8
454;mental_health_rating;7
22;social_media_hours;2.3
112;exam_score;84.8
819;gender;Male
829;attendance_percentage;79.3
229;study_hours_per_day;5.8
705;exam_score;87.5
836;exercise_frequency;5
440;parental_education_level;Bachelor
241;attendance_percentage;80.7
177;netflix_hours;1.9
497;parental_education_level;High School
289;exam_score;48.9
311;gender;Female
414;exercise_frequency;4
84;study_hours_per_day;2.3
250;mental_health_rating;8
577;sleep_hours;6.3
803;attendance_percentage;82.3
790;exercise_frequency;4
680;sleep_hours;5.9
83;exam_score;79.2
826;netflix_hours;0.5
114;exercise_frequency;2
723;netflix_hours;3.0
555;sleep_hours;5.5
154;exercise_frequency;5
561;sleep_hours;5.6
865;netflix_hours;3.6
669;netflix_hours;2.3
572;attendance_percentage;91.9
406;parental_education_level;Master
91;exam_score;50.2
85;mental_health_rating;4
207;social_media_hours;1.6
890;social_media_hours;3.5
734;mental_health_rating;10
140;attendance_percentage;66.8
59;parental_education_level;Bachelor
607;exercise_frequency;1
502;study_hours_per_day;0.2
652;sleep_hours;5.0
486;parental_education_level;High School
428;social_media_hours;3.3
117;mental_health_rating;7
100;gender;Male
881;mental_health_rating;6
249;parental_education_level;Bachelor
494;exam_score;87.9
411;sleep_hours;8.0
604;gender;Female
532;exam_score;83.5
545;study_hours_per_day;5.5
534;exercise_frequency;1
795;sleep_hours;4.8
328;parental_education_level;High School
62;age;23
2;attendance_percentage;97.3
887;study_hours_per_day;5.8
842;attendance_percentage;79.0
873;attendance_percentage;85.4
363;gender;Female
21;exam_score;82.5
601;sleep_hours;5.8
659;study_hours_per_day;4.1
420;study_hours_per_day;2.9
150;gender;Male
495;sleep_hours;4.1
1;study_hours_per_day;0.0
471;attendance_percentage;94.8
776;mental_health_rating;2
213;attendance_percentage;83.5
244;study_hours_per_day;2.2
865;exercise_frequency;5
318;sleep_hours;7.6
4;attendance_percentage;71.0
478;exam_score;84.1
294;exam_score;59.4
603;netflix_hours;1.1
297;parental_education_level;Bachelor
739;social_media_hours;2.6
763;gender;Female
452;exam_score;66.5
226;age;23
160;attendance_percentage;80.2
716;study_hours_per_day;0.8
782;exercise_frequency;4
122;gender;Female
411;netflix_hours;1.3
726;study_hours_per_day;3.9
272;study_hours_per_day;0.9
147;attendance_percentage;73.8
420;mental_health_rating;3
525;age;18
425;mental_health_rating;1
630;netflix_hours;2.5
547;attendance_percentage;81.5
569;mental_health_rating;9
717;netflix_hours;0.9
88;gender;Female
65;netflix_hours;3.2
128;sleep_hours;8.5
755;social_media_hours;2.2
811;netflix_hours;2.3
225;gender;Female
577;exercise_frequency;5
527;study_hours_per_day;3.2
302;exam_score;50.3
834;parental_education_level;Bachelor
74;exam_score;57.2
623;netflix_hours;1.2
733;study_hours_per_day;5.2
801;netflix_hours;2.6
714;mental_health_rating;3
542;sleep_hours;8.3
460;attendance_percentage;79.0
893;mental_health_rating;2
901;netflix_hours;3.0
661;social_media_hours;2.7
261;parental_education_level;High School
573;sleep_hours;8.3
475;exam_score;44.1
799;exam_score;44.3
252;attendance_percentage;79.9
122;study_hours_per_day;3.5
759;study_hours_per_day;3.3
10;attendance_percentage;95.4
388;exam_score;73.0
327;attendance_percentage;89.6
524;parental_education_level;High School
407;exam_score;63.1
807;exercise_frequency;4
752;parental_education_level;Bachelor
592;age;23
151;study_hours_per_day;0.5
170;gender;Female
819;sleep_hours;4.4
477;attendance_percentage;84.6
376;study_hours_per_day;2.7
569;exercise_frequency;6
394;parental_education_level;Bachelor
854;netflix_hours;3.3
568;exercise_frequency;5
565;exam_score;35.6
733;age;21
605;attendance_percentage;94.7
848;mental_health_rating;2
618;mental_health_rating;4
455;social_media_hours;2.7
691;attendance_percentage;84.0
629;sleep_hours;6.0
352;age;20
836;attendance_percentage;82.0
354;study_hours_per_day;2.6
817;age;23
812;study_hours_per_day;3.0
49;netflix_hours;0.5
809;parental_education_level;High School
702;attendance_percentage;85.9
199;social_media_hours;0.9
325;netflix_hours;0.0
308;social_media_hours;2.2
641;social_media_hours;4.0
771;age;23
217;exam_score;71.5
667;study_hours_per_day;3.1
830;attendance_percentage;87.4
510;exam_score;70.1
846;social_media_hours;3.0
675;age;18
620;parental_education_level;High School
190;sleep_hours;7.3
332;age;20
8;gender;Female
762;gender;Male
780;attendance_percentage;83.9
651;age;20
584;mental_health_rating;2
74;study_hours_per_day;2.7
410;exercise_frequency;6
215;netflix_hours;1.7
393;social_media_hours;2.4
185;gender;Male
817;gender;Female
196;sleep_hours;6.8
41;parental_education_level;High School
709;study_hours_per_day;2.9
145;sleep_hours;7.4
391;study_hours_per_day;2.9
461;exam_score;53.2
473;attendance_percentage;78.7
723;parental_education_level;Bachelor
252;parental_education_level;Master
164;study_hours_per_day;3.8
778;social_media_hours;0.0
445;sleep_hours;6.7
33;gender;Female
629;gender;Other
459;age;24
295;sleep_hours;4.9
790;parental_education_level;Master
602;exercise_frequency;4
246;exercise_frequency;1
204;exercise_frequency;6
77;exercise_frequency;6
775;mental_health_rating;5
461;study_hours_per_day;2.0
700;netflix_hours;2.8
590;sleep_hours;8.2
612;social_media_hours;2.2
127;mental_health_rating;2
510;netflix_hours;0.0
418;mental_health_rating;1
716;netflix_hours;2.4
890;exercise_frequency;6
740;attendance_percentage;98.9
725;gender;Male
72;attendance_percentage;92.3
9;gender;Female
345;social_media_hours;2.0
886;mental_health_rating;10
548;exercise_frequency;4
134;exercise_frequency;2
718;exercise_frequency;1
817;attendance_percentage;86.8
682;mental_health_rating;4
408;sleep_hours;5.9
671;study_hours_per_day;3.0
696;netflix_hours;0.5
538;exercise_frequency;5
388;social_media_hours;3.8
785;attendance_percentage;88.0
724;study_hours_per_day;3.8
2;sleep_hours;4.6
842;gender;Female
209;exercise_frequency;4
203;sleep_hours;5.4
100;attendance_percentage;83.3
145;study_hours_per_day;3.2
299;exercise_frequency;0
7;age;21
870;exercise_frequency;2
606;netflix_hours;3.1
577;attendance_percentage;85.0
106;sleep_hours;5.5
484;mental_health_rating;10
648;study_hours_per_day;2.7
626;mental_health_rating;6
678;gender;Female
672;social_media_hours;1.8
206;age;18
565;attendance_percentage;84.7
764;gender;Female
265;mental_health_rating;4
567;age;21
156;exam_score;96.6
341;mental_health_rating;5
570;exercise_frequency;2
239;parental_education_level;Master
100;sleep_hours;9.1
651;social_media_hours;2.3
64;social_media_hours;4.2
244;sleep_hours;6.1
201;social_media_hours;2.8
115;social_media_hours;3.1
557;mental_health_rating;9
633;age;18
345;exercise_frequency;4
884;exam_score;70.9
859;mental_health_rating;7
118;age;20
62;gender;Male
637;attendance_percentage;92.9
506;netflix_hours;1.6
824;social_media_hours;4.6
509;study_hours_per_day;3.1
756;gender;Other
594;exam_score;71.5
892;parental_education_level;High School
405;gender;Female
898;mental_health_rating;8
140;exam_score;65.0
31;gender;Other
486;attendance_percentage;88.8
284;netflix_hours;1.6
226;exercise_frequency;6
584;exam_score;50.4
246;sleep_hours;5.2
749;exam_score;87.8
484;gender;Male
830;exam_score;72.9
901;sleep_hours;5.1
533;mental_health_rating;5
258;mental_health_rating;8
333;study_hours_per_day;4.4
10;exercise_frequency;5
456;parental_education_level;Bachelor
287;age;20
200;attendance_percentage;76.3
870;gender;Female
401;attendance_percentage;89.3
538;exam_score;60.1
92;study_hours_per_day;6.0
169;study_hours_per_day;1.3
154;gender;Male
258;sleep_hours;5.4
437;study_hours_per_day;2.1
254;study_hours_per_day;2.6
739;parental_education_level;Master
830;social_media_hours;1.6
452;gender;Male
822;sleep_hours;5.7
464;parental_education_level;Bachelor
774;age;19
678;attendance_percentage;79.4
662;age;17
111;study_hours_per_day;3.3
682;parental_education_level;High School
209;social_media_hours;1.4
396;social_media_hours;2.4
907;parental_education_level;Bachelor
738;parental_education_level;High School
467;mental_health_rating;1
315;netflix_hours;1.9
402;age;19
643;mental_health_rating;7
294;study_hours_per_day;2.8
290;mental_health_rating;10
108;social_media_hours;3.3
532;age;22
668;age;21
839;social_media_hours;2.4
515;exercise_frequency;5
679;exercise_frequency;0
698;exercise_frequency;5
166;gender;Male
54;social_media_hours;2.0
607;parental_education_level;Bachelor
369;gender;Male
33;sleep_hours;7.7
622;netflix_hours;1.6
165;sleep_hours;5.5
155;sleep_hours;7.8
249;age;23
768;sleep_hours;6.2
903;social_media_hours;2.1
536;parental_education_level;Bachelor
652;netflix_hours;2.1
592;parental_education_level;Bachelor
603;social_media_hours;2.4
12;exercise_frequency;1
492;exam_score;72.2
692;netflix_hours;0.0
89;mental_health_rating;3
94;exam_score;63.9
791;exercise_frequency;1
232;sleep_hours;7.0
88;netflix_hours;2.1
522;netflix_hours;1.3
323;social_media_hours;3.2
396;parental_education_level;Master
531;mental_health_rating;1
826;exercise_frequency;4
878;attendance_percentage;76.1
119;gender;Male
105;age;24
191;attendance_percentage;94.1
286;social_media_hours;5.3
336;mental_health_rating;2
35;attendance_percentage;74.9
560;study_hours_per_day;2.6
514;gender;Male
639;sleep_hours;5.5
625;attendance_percentage;76.9
906;netflix_hours;2.4
144;parental_education_level;Bachelor
468;mental_health_rating;6
243;sleep_hours;6.1
854;sleep_hours;6.1
546;exercise_frequency;0
537;netflix_hours;2.2
601;age;19
447;mental_health_rating;6
649;social_media_hours;1.7
860;study_hours_per_day;4.4
767;age;18
834;attendance_percentage;71.2
589;gender;Female
177;sleep_hours;4.8
885;exam_score;66.7
416;age;21
628;exam_score;68.5
815;gender;Male
222;study_hours_per_day;1.9
178;mental_health_rating;10
695;social_media_hours;2.8
123;mental_health_rating;2
643;study_hours_per_day;3.2
501;attendance_percentage;89.3
565;sleep_hours;7.3
833;parental_education_level;High School
554;age;21
757;gender;Female
588;gender;Female
278;exam_score;41.7
140;social_media_hours;3.3
86;netflix_hours;0.0
472;age;18
815;exercise_frequency;6
529;gender;Female
827;gender;Female
390;parental_education_level;Bachelor
846;attendance_percentage;81.1
904;gender;Female
434;sleep_hours;6.7
615;sleep_hours;7.4
103;netflix_hours;1.6
509;attendance_percentage;78.5
254;attendance_percentage;85.6
627;sleep_hours;4.6
176;netflix_hours;2.3
774;attendance_percentage;85.9
588;netflix_hours;2.5
57;parental_education_level;Master
102;study_hours_per_day;5.4
403;study_hours_per_day;3.2
263;attendance_percentage;100.0
512;gender;Female
103;exercise_frequency;3
908;age;24
16;netflix_hours;0.2
522;social_media_hours;2.1
818;netflix_hours;2.6
592;netflix_hours;0.9
777;exam_score;81.5
545;attendance_percentage;100.0
423;parental_education_level;Master
456;mental_health_rating;10
320;sleep_hours;5.8
800;attendance_percentage;76.9
261;mental_health_rating;9
306;sleep_hours;7.1
695;sleep_hours;4.8
766;gender;Male
105;mental_health_rating;6
491;gender;Female
608;study_hours_per_day;4.6
62;attendance_percentage;80.8
758;exam_score;62.6
103;attendance_percentage;64.3
105;exercise_frequency;1
195;social_media_hours;2.7
579;exam_score;58.4
875;age;23
631;study_hours_per_day;3.9
201;exercise_frequency;5
387;social_media_hours;4.0
784;study_hours_per_day;1.5
133;netflix_hours;3.0
349;study_hours_per_day;0.0
232;study_hours_per_day;5.5
69;sleep_hours;4.6
344;attendance_percentage;75.2
27;netflix_hours;2.8
128;exam_score;64.1
727;mental_health_rating;6
642;attendance_percentage;78.9
866;parental_education_level;High School
279;mental_health_rating;9
292;social_media_hours;4.2
907;social_media_hours;2.6
130;mental_health_rating;8
759;gender;Male
634;age;24
152;parental_education_level;High School
396;age;21
765;attendance_percentage;72.7
240;parental_education_level;High School
886;netflix_hours;1.7
13;age;19
557;netflix_hours;1.0
423;attendance_percentage;92.3
653;social_media_hours;0.0
120;mental_health_rating;10
464;study_hours_per_day;3.1
329;exam_score;81.9
737;study_hours_per_day;3.8
892;exercise_frequency;2
633;gender;Female
358;exercise_frequency;3
858;study_hours_per_day;4.5
715;age;23
160;mental_health_rating;2
850;gender;Female
36;parental_education_level;High School
883;sleep_hours;5.4
118;attendance_percentage;92.4
867;attendance_percentage;71.0
880;sleep_hours;5.1
297;netflix_hours;1.7
365;age;24
275;gender;Female
643;sleep_hours;5.4
176;sleep_hours;5.5
739;age;21
573;parental_education_level;Master
707;mental_health_rating;10
743;attendance_percentage;74.6
357;netflix_hours;3.4
885;study_hours_per_day;2.6
908;netflix_hours;1.1
785;social_media_hours;0.3
331;mental_health_rating;2
772;study_hours_per_day;2.4
497;sleep_hours;6.1
797;sleep_hours;4.0
800;social_media_hours;3.2
904;exam_score;41.7
832;exercise_frequency;1
569;gender;Male
82;study_hours_per_day;1.7
900;study_hours_per_day;3.2
296;parental_education_level;Bachelor
799;mental_health_rating;6
349;gender;Male
577;social_media_hours;2.5
265;social_media_hours;2.2
243;parental_education_level;Master
677;exam_score;49.8
710;exam_score;77.9
353;netflix_hours;0.6
29;netflix_hours;3.8
108;attendance_percentage;72.8
424;attendance_percentage;66.1
224;exercise_frequency;1
444;study_hours_per_day;4.1
645;social_media_hours;1.8
206;sleep_hours;6.7
478;study_hours_per_day;5.3
221;social_media_hours;2.6
605;mental_health_rating;10
375;sleep_hours;6.5
498;social_media_hours;2.1
762;mental_health_rating;6
131;attendance_percentage;95.4
471;gender;Female
77;social_media_hours;2.6
702;age;18
29;mental_health_rating;10
189;gender;Male
616;gender;Female
470;age;22
110;exam_score;87.9
355;social_media_hours;3.0
709;parental_education_level;Bachelor
421;study_hours_per_day;5.2
786;age;17
103;social_media_hours;2.9
613;social_media_hours;2.1
766;exercise_frequency;6
348;sleep_hours;7.8
58;sleep_hours;7.9
60;exercise_frequency;6
43;parental_education_level;High School
839;age;21
884;study_hours_per_day;3.0
819;social_media_hours;2.1
670;mental_health_rating;9
634;study_hours_per_day;4.7
132;parental_education_level;Bachelor
24;attendance_percentage;81.8
59;study_hours_per_day;4.0
673;parental_education_level;High School
858;gender;Female
688;parental_education_level;High School
907;attendance_percentage;61.9
461;sleep_hours;4.8
96;social_media_hours;3.0
162;netflix_hours;0.3
224;netflix_hours;2.0
501;exercise_frequency;1
734;social_media_hours;0.2
160;gender;Male
120;netflix_hours;3.4
702;study_hours_per_day;7.5
437;attendance_percentage;77.4
122;parental_education_level;Bachelor
519;exam_score;67.2
750;attendance_percentage;71.0
18;netflix_hours;2.9
515;parental_education_level;High School
652;social_media_hours;0.0
575;exam_score;75.4
617;study_hours_per_day;3.6
158;exam_score;68.3
591;netflix_hours;2.3
496;age;21
595;parental_education_level;Bachelor
196;exercise_frequency;6
539;netflix_hours;1.3
210;study_hours_per_day;3.5
602;parental_education_level;High School
392;exercise_frequency;1
603;attendance_percentage;83.1
78;age;20
197;social_media_hours;4.2
884;sleep_hours;4.0
271;age;18
702;gender;Female
97;attendance_percentage;88.8
704;netflix_hours;3.2
542;age;21
613;netflix_hours;1.4
716;exam_score;31.5
634;netflix_hours;0.9
724;gender;Female
812;gender;Female
298;age;22
289;social_media_hours;2.9
492;study_hours_per_day;4.5
599;netflix_hours;0.5
310;attendance_percentage;80.9
797;attendance_percentage;76.6
330;social_media_hours;2.2
811;exam_score;46.8
496;exam_score;62.9
254;social_media_hours;2.3
475;mental_health_rating;6
871;social_media_hours;1.9
152;exercise_frequency;1
111;gender;Male
586;age;24
12;mental_health_rating;9
716;social_media_hours;3.9
235;gender;Male
70;gender;Male
891;study_hours_per_day;3.6
515;attendance_percentage;80.2
336;attendance_percentage;82.9
772;parental_education_level;Bachelor
34;sleep_hours;6.5
602;netflix_hours;2.0
453;exam_score;49.9
780;netflix_hours;1.7
855;social_media_hours;3.8
577;gender;Female
31;sleep_hours;8.0
436;study_hours_per_day;2.9
575;age;21
648;sleep_hours;5.6
444;social_media_hours;1.6
22;exercise_frequency;3
896;study_hours_per_day;1.1
807;age;20
119;exercise_frequency;1
504;gender;Female
157;sleep_hours;5.5
620;social_media_hours;1.8
212;study_hours_per_day;4.2
902;parental_education_level;Bachelor
353;social_media_hours;2.1
201;age;23
477;exercise_frequency;0
510;social_media_hours;4.3
561;study_hours_per_day;3.4
99;netflix_hours;3.9
754;sleep_hours;8.5
95;gender;Male
276;social_media_hours;3.1
429;age;21
763;exam_score;71.4
276;sleep_hours;7.7
470;exam_score;100.0
674;exam_score;52.6
893;exercise_frequency;2
252;age;24
590;mental_health_rating;5
491;parental_education_level;High School
305;mental_health_rating;8
571;exercise_frequency;4
719;mental_health_rating;3
698;sleep_hours;6.0
748;gender;Male
345;exam_score;57.3
570;age;22
486;social_media_hours;4.2
687;exercise_frequency;0
570;mental_health_rating;9
857;study_hours_per_day;2.1
23;sleep_hours;9.0
547;exercise_frequency;0
488;age;23
895;exercise_frequency;2
209;netflix_hours;1.9
426;attendance_percentage;73.1
528;study_hours_per_day;3.6
300;netflix_hours;3.5
57;netflix_hours;2.6
230;exam_score;54.1
795;mental_health_rating;3
36;study_hours_per_day;4.3
652;exam_score;94.2
654;gender;Male
170;mental_health_rating;8
773;gender;Male
294;mental_health_rating;5
180;exercise_frequency;4
750;age;18
831;gender;Female
379;age;22
648;attendance_percentage;83.7
104;gender;Female
37;gender;Male
351;study_hours_per_day;6.2
805;netflix_hours;1.3
452;mental_health_rating;5
301;netflix_hours;2.5
441;age;22
95;exam_score;65.6
623;social_media_hours;1.8
749;social_media_hours;2.4
367;exam_score;69.1
559;social_media_hours;2.2
843;gender;Male
455;sleep_hours;6.7
243;study_hours_per_day;3.0
293;exercise_frequency;6
605;gender;Female
34;social_media_hours;1.7
72;study_hours_per_day;6.0
238;parental_education_level;Bachelor
691;social_media_hours;2.3
466;mental_health_rating;6
47;attendance_percentage;100.0
17;netflix_hours;1.2
97;exercise_frequency;4
206;exam_score;72.7
750;gender;Female
725;exam_score;86.1
53;parental_education_level;High School
534;sleep_hours;7.8
451;gender;Female
519;parental_education_level;Bachelor
160;exam_score;69.3
648;exam_score;63.5
1;social_media_hours;1.2
373;social_media_hours;1.3
150;netflix_hours;3.0
75;mental_health_rating;5
221;mental_health_rating;6
727;netflix_hours;2.6
408;exam_score;56.3
359;mental_health_rating;8
290;exam_score;98.8
529;sleep_hours;6.9
322;exam_score;54.0
906;exercise_frequency;1
650;mental_health_rating;6
728;sleep_hours;4.4
169;social_media_hours;3.8
725;netflix_hours;1.0
906;gender;Female
774;mental_health_rating;10
785;exam_score;53.3
757;exercise_frequency;6
472;study_hours_per_day;2.9
825;parental_education_level;High School
735;exercise_frequency;4
453;sleep_hours;3.4
374;gender;Male
725;mental_health_rating;7
288;exam_score;84.2
301;social_media_hours;2.4
884;attendance_percentage;90.1
317;study_hours_per_day;2.8
297;attendance_percentage;100.0
603;study_hours_per_day;3.8
743;gender;Male
899;exercise_frequency;3
767;gender;Male
524;sleep_hours;6.7
640;mental_health_rating;6
197;exercise_frequency;6
903;sleep_hours;5.2
395;netflix_hours;2.5
899;study_hours_per_day;1.0
480;exam_score;77.0
774;sleep_hours;7.3
231;parental_education_level;High School
142;netflix_hours;1.7
515;exam_score;89.8
689;exam_score;54.9
394;study_hours_per_day;1.9
854;exam_score;50.2
80;netflix_hours;3.0
840;netflix_hours;1.9
330;gender;Female
452;netflix_hours;2.0
23;exercise_frequency;6
770;study_hours_per_day;4.9
807;parental_education_level;Bachelor
390;age;17
149;gender;Male
874;social_media_hours;2.1
394;gender;Male
80;exam_score;50.5
424;study_hours_per_day;4.9
162;sleep_hours;7.1
242;study_hours_per_day;4.3
732;social_media_hours;0.3
609;parental_education_level;High School
61;sleep_hours;5.1
379;exercise_frequency;2
328;exercise_frequency;6
520;exam_score;89.6
531;netflix_hours;1.6
378;gender;Male
887;parental_education_level;High School
628;sleep_hours;7.0
220;age;19
260;social_media_hours;4.6
74;attendance_percentage;82.6
518;netflix_hours;0.0
827;social_media_hours;3.3
531;social_media_hours;2.1
249;exercise_frequency;3
388;parental_education_level;Bachelor
759;age;20
337;mental_health_rating;6
779;parental_education_level;High School
44;study_hours_per_day;3.6
81;age;23
883;netflix_hours;3.2
861;sleep_hours;4.7
69;age;18
810;mental_health_rating;4
28;social_media_hours;2.0
438;study_hours_per_day;4.1
541;exercise_frequency;4
58;netflix_hours;0.6
66;netflix_hours;2.7
713;age;24
285;sleep_hours;7.1
226;exam_score;98.0
422;exam_score;72.3
638;netflix_hours;1.0
192;parental_education_level;High School
845;exercise_frequency;0
838;parental_education_level;Bachelor
612;age;20
335;parental_education_level;Master
12;gender;Female
148;exam_score;83.8
305;age;20
836;mental_health_rating;2
689;study_hours_per_day;2.8
848;sleep_hours;7.3
55;age;17
392;study_hours_per_day;2.3
416;exam_score;46.7
381;study_hours_per_day;4.2
798;attendance_percentage;60.6
701;age;20
749;sleep_hours;6.9
306;social_media_hours;4.2
67;study_hours_per_day;6.8
159;gender;Female
17;age;24
303;gender;Male
268;parental_education_level;Bachelor
847;netflix_hours;3.2
419;sleep_hours;5.7
806;social_media_hours;3.9
290;social_media_hours;3.4
749;age;19
314;age;19
417;gender;Male
261;social_media_hours;4.2
503;exam_score;88.0
456;exercise_frequency;0
746;exam_score;49.1
127;exercise_frequency;6
682;attendance_percentage;72.3
659;attendance_percentage;70.2
542;attendance_percentage;98.2
689;sleep_hours;5.2
371;netflix_hours;2.9
639;gender;Female
859;parental_education_level;Master
384;study_hours_per_day;2.3
740;study_hours_per_day;5.2
71;gender;Female
591;study_hours_per_day;3.7
372;attendance_percentage;89.3
886;study_hours_per_day;3.7
551;age;24
352;exercise_frequency;0
856;age;21
468;attendance_percentage;86.1
856;netflix_hours;1.7
733;sleep_hours;5.4
169;attendance_percentage;80.6
492;parental_education_level;Bachelor
435;parental_education_level;Bachelor
62;mental_health_rating;4
227;attendance_percentage;80.5
500;parental_education_level;High School
538;social_media_hours;1.9
851;sleep_hours;4.9
835;age;24
350;sleep_hours;9.3
490;social_media_hours;3.0
389;mental_health_rating;2
84;exercise_frequency;1
867;mental_health_rating;3
537;gender;Female
17;exam_score;70.8
372;mental_health_rating;10
295;gender;Male
641;parental_education_level;High School
63;social_media_hours;4.1
698;age;21
873;netflix_hours;2.9
4;social_media_hours;3.9
12;parental_education_level;Bachelor
905;study_hours_per_day;2.6
838;netflix_hours;3.2
56;study_hours_per_day;2.2
478;sleep_hours;5.0
223;mental_health_rating;3
683;parental_education_level;Master
414;age;22
896;attendance_percentage;91.4
801;social_media_hours;2.7
312;gender;Male
513;mental_health_rating;4
502;exam_score;31.5
136;parental_education_level;Master
523;mental_health_rating;1
320;exam_score;72.3
113;attendance_percentage;80.8
755;exercise_frequency;6
496;parental_education_level;Master
186;attendance_percentage;78.4
896;exercise_frequency;5
74;sleep_hours;7.8
278;parental_education_level;High School
729;parental_education_level;Bachelor
212;parental_education_level;High School
54;study_hours_per_day;2.5
397;exam_score;89.3
202;exam_score;82.1
372;exercise_frequency;2
589;parental_education_level;Bachelor
882;mental_health_rating;8
712;age;23
613;study_hours_per_day;4.0
400;sleep_hours;7.8
780;study_hours_per_day;1.6
492;social_media_hours;4.9
79;social_media_hours;4.9
622;attendance_percentage;100.0
661;gender;Female
108;age;24
528;age;20
418;attendance_percentage;86.0
27;exam_score;71.1
429;gender;Female
848;exam_score;62.0
313;netflix_hours;1.1
143;parental_education_level;Bachelor
400;exercise_frequency;4
250;sleep_hours;8.4
711;sleep_hours;7.2
113;exam_score;77.0
198;netflix_hours;1.5
700;exam_score;73.0
82;gender;Male
342;exercise_frequency;2
649;study_hours_per_day;3.2
540;sleep_hours;7.2
34;mental_health_rating;3
249;attendance_percentage;100.0
330;sleep_hours;5.1
457;sleep_hours;4.9
453;study_hours_per_day;3.1
52;exercise_frequency;5
305;exam_score;71.2
113;social_media_hours;1.3
192;gender;Female
279;gender;Female
534;social_media_hours;3.0
816;gender;Male
152;attendance_percentage;87.5
90;sleep_hours;4.5
230;mental_health_rating;3
279;netflix_hours;2.0
7;sleep_hours;6.5
778;mental_health_rating;8
259;parental_education_level;High School
94;parental_education_level;Bachelor
384;parental_education_level;Master
553;parental_education_level;High School
363;sleep_hours;8.1
400;attendance_percentage;74.0
693;social_media_hours;2.6
687;parental_education_level;Master
650;parental_education_level;Bachelor
548;mental_health_rating;8
15;gender;Male
219;exam_score;53.8
324;netflix_hours;3.7
370;study_hours_per_day;0.0
175;netflix_hours;1.4
138;mental_health_rating;6
341;netflix_hours;3.4
634;attendance_percentage;74.9
741;exercise_frequency;6
95;sleep_hours;6.6
193;study_hours_per_day;3.2
798;study_hours_per_day;3.5
64;study_hours_per_day;3.6
674;age;19
752;sleep_hours;9.1
463;gender;Female
46;attendance_percentage;90.6
731;study_hours_per_day;3.3
673;exam_score;76.4
29;study_hours_per_day;2.0
368;exam_score;59.6
462;sleep_hours;7.4
865;mental_health_rating;1
719;attendance_percentage;84.5
413;study_hours_per_day;1.2
64;gender;Male
106;gender;Male
112;age;18
327;mental_health_rating;10
858;netflix_hours;3.3
453;attendance_percentage;78.8
130;netflix_hours;2.2
536;mental_health_rating;7
572;gender;Male
552;mental_health_rating;5
851;parental_education_level;High School
97;exam_score;50.4
627;age;18
877;exam_score;56.4
149;exam_score;70.6
806;mental_health_rating;2
525;exercise_frequency;3
631;age;18
470;exercise_frequency;6
898;study_hours_per_day;3.3
453;parental_education_level;Master
820;netflix_hours;0.8
806;netflix_hours;2.6
47;study_hours_per_day;6.1
720;netflix_hours;1.2
466;social_media_hours;1.9
717;parental_education_level;Bachelor
231;social_media_hours;1.1
351;exam_score;100.0
268;exam_score;100.0
155;study_hours_per_day;4.4
74;netflix_hours;0.4
158;social_media_hours;0.7
269;attendance_percentage;91.0
801;study_hours_per_day;2.9
37;parental_education_level;Bachelor
599;sleep_hours;8.1
572;mental_health_rating;1
382;sleep_hours;4.9
408;exercise_frequency;1
625;age;21
143;exercise_frequency;4
151;attendance_percentage;90.0
2;exercise_frequency;6
870;study_hours_per_day;3.2
862;study_hours_per_day;3.3
671;exam_score;51.3
663;parental_education_level;Master
269;exam_score;74.2
858;parental_education_level;High School
174;age;23
503;age;20
359;attendance_percentage;84.9
39;parental_education_level;Bachelor
336;gender;Male
845;parental_education_level;Bachelor
721;attendance_percentage;95.2
861;age;19
618;netflix_hours;3.6
427;attendance_percentage;90.3
678;sleep_hours;6.5
609;sleep_hours;6.7
221;exam_score;52.5
846;parental_education_level;High School
529;exercise_frequency;2
804;exam_score;40.9
656;social_media_hours;0.0
85;sleep_hours;6.1
823;study_hours_per_day;2.6
850;social_media_hours;3.2
519;study_hours_per_day;3.0
754;attendance_percentage;87.1
135;age;19
373;mental_health_rating;10
41;sleep_hours;6.8
147;social_media_hours;3.4
483;netflix_hours;3.1
215;exercise_frequency;3
601;social_media_hours;3.5
470;mental_health_rating;6
294;social_media_hours;3.3
688;age;17
771;study_hours_per_day;1.1
749;study_hours_per_day;4.6
561;gender;Female
106;study_hours_per_day;3.0
104;age;23
187;social_media_hours;1.7
391;sleep_hours;7.3
610;exam_score;69.4
67;gender;Male
673;age;21
299;netflix_hours;1.2
157;parental_education_level;Bachelor
766;netflix_hours;2.5
93;study_hours_per_day;4.1
121;age;21
36;age;17
102;sleep_hours;6.0
711;study_hours_per_day;4.4
126;mental_health_rating;4
130;sleep_hours;5.0
216;exam_score;62.9
76;parental_education_level;Master
234;age;20
1;exercise_frequency;6
52;netflix_hours;2.6
366;exercise_frequency;4
458;sleep_hours;6.2
369;netflix_hours;2.1
501;exam_score;67.0
110;age;24
167;gender;Female
817;study_hours_per_day;3.9
118;netflix_hours;1.1
831;exam_score;61.0
435;social_media_hours;4.5
589;study_hours_per_day;4.8
438;sleep_hours;6.9
126;exam_score;67.6
221;gender;Male
310;social_media_hours;3.4
250;study_hours_per_day;3.1
435;sleep_hours;7.0
5;exercise_frequency;3
269;sleep_hours;7.5
178;social_media_hours;4.0
304;study_hours_per_day;2.7
323;exercise_frequency;0
900;exercise_frequency;1
889;age;22
653;netflix_hours;2.0
724;social_media_hours;1.2
633;exam_score;67.7
370;gender;Male
844;sleep_hours;5.5
658;sleep_hours;7.5
144;sleep_hours;6.6
100;parental_education_level;High School
520;age;23
57;mental_health_rating;5
378;parental_education_level;High School
556;exercise_frequency;0
862;gender;Female
181;gender;Female
423;exercise_frequency;6
5;age;19
506;exercise_frequency;0
619;age;22
154;study_hours_per_day;1.7
207;mental_health_rating;9
153;exam_score;72.2
685;study_hours_per_day;2.7
130;gender;Male
177;exercise_frequency;4
548;sleep_hours;6.8
208;study_hours_per_day;5.5
221;parental_education_level;Master
159;social_media_hours;2.1
533;exercise_frequency;4
505;attendance_percentage;100.0
389;netflix_hours;0.4
20;sleep_hours;6.4
841;parental_education_level;High School
136;exercise_frequency;1
494;netflix_hours;1.6
475;study_hours_per_day;2.1
145;attendance_percentage;81.5
565;parental_education_level;Bachelor
86;exercise_frequency;4
330;age;17
434;exam_score;80.6
350;netflix_hours;2.2
53;study_hours_per_day;5.4
691;mental_health_rating;4
59;gender;Male
694;age;19
508;study_hours_per_day;4.3
781;age;20
863;parental_education_level;High School
264;social_media_hours;2.9
310;gender;Female
698;exam_score;53.0
449;age;21
279;sleep_hours;5.6
222;sleep_hours;6.3
24;gender;Female
59;exercise_frequency;4
815;parental_education_level;High School
253;study_hours_per_day;4.8
672;netflix_hours;3.6
685;mental_health_rating;9
115;netflix_hours;3.5
523;attendance_percentage;87.6
833;mental_health_rating;3
532;sleep_hours;6.1
835;parental_education_level;High School
53;social_media_hours;2.8
377;age;19
633;mental_health_rating;6
783;social_media_hours;2.0
447;age;21
13;attendance_percentage;89.3
876;study_hours_per_day;4.3
82;attendance_percentage;77.6
868;social_media_hours;1.6
836;exam_score;44.3
871;netflix_hours;1.1
111;attendance_percentage;85.2
876;exam_score;77.3
699;social_media_hours;2.0
872;parental_education_level;Master
512;study_hours_per_day;5.1
36;social_media_hours;2.5
734;netflix_hours;1.4
401;gender;Male
614;age;20
677;sleep_hours;6.4
256;age;20
888;parental_education_level;Bachelor
543;exercise_frequency;5
277;exam_score;61.6
95;attendance_percentage;100.0
657;mental_health_rating;2
592;social_media_hours;4.6
587;exercise_frequency;2
230;age;17
106;parental_education_level;Bachelor
636;exercise_frequency;6
376;parental_education_level;High School
296;age;20
672;attendance_percentage;88.6
768;age;18
38;attendance_percentage;71.3
380;exercise_frequency;3
840;attendance_percentage;67.1
362;exercise_frequency;3
256;parental_education_level;Bachelor
396;attendance_percentage;80.1
871;age;17
645;age;20
130;attendance_percentage;85.4
598;exercise_frequency;3
588;attendance_percentage;96.7
761;social_media_hours;0.2
506;parental_education_level;High School
231;exam_score;58.4
83;age;22
580;parental_education_level;Master
341;exercise_frequency;1
879;gender;Female
399;netflix_hours;3.1
697;social_media_hours;3.7
839;attendance_percentage;81.7
856;study_hours_per_day;1.7
247;exercise_frequency;5
806;sleep_hours;5.5
448;sleep_hours;5.5
220;netflix_hours;4.3
97;age;20
157;exam_score;85.8
229;age;17
343;netflix_hours;1.7
452;exercise_frequency;3
260;age;20
435;exam_score;52.6
849;study_hours_per_day;4.5
699;parental_education_level;High School
847;study_hours_per_day;5.1
330;netflix_hours;3.2
728;parental_education_level;High School
898;exam_score;72.5
32;mental_health_rating;7
904;attendance_percentage;75.3
866;netflix_hours;1.4
405;exam_score;66.8
140;mental_health_rating;3
480;social_media_hours;3.4
588;age;24
493;parental_education_level;High School
543;netflix_hours;4.0
443;mental_health_rating;7
685;parental_education_level;Master
553;mental_health_rating;5
147;study_hours_per_day;4.3
797;parental_education_level;High School
356;exercise_frequency;0
511;attendance_percentage;92.0
375;attendance_percentage;81.7
101;age;22
780;gender;Female
145;exercise_frequency;3
791;attendance_percentage;62.0
228;netflix_hours;2.6
583;netflix_hours;0.0
408;social_media_hours;1.8
243;attendance_percentage;76.5
587;social_media_hours;2.4
703;exercise_frequency;2
371;mental_health_rating;7
356;exam_score;45.2
70;exam_score;77.1
493;netflix_hours;0.9
79;parental_education_level;High School
893;netflix_hours;2.1
637;sleep_hours;5.2
281;netflix_hours;0.3
169;age;21
10;sleep_hours;7.5
376;age;22
632;social_media_hours;2.7
723;attendance_percentage;79.3
705;netflix_hours;0.3
156;study_hours_per_day;5.8
385;study_hours_per_day;3.8
297;sleep_hours;6.1
827;parental_education_level;Bachelor
384;netflix_hours;0.6
748;attendance_percentage;90.2
4;sleep_hours;9.2
65;study_hours_per_day;3.3
216;mental_health_rating;5
303;age;24
727;sleep_hours;5.3
656;netflix_hours;1.7
616;social_media_hours;2.3
680;study_hours_per_day;6.1
416;sleep_hours;4.2
539;age;20
486;netflix_hours;1.5
348;attendance_percentage;78.4
838;attendance_percentage;97.4
275;mental_health_rating;4
549;age;19
653;age;19
109;age;21
735;parental_education_level;High School
465;exercise_frequency;5
136;social_media_hours;3.1
449;attendance_percentage;84.8
680;exam_score;98.5
134;parental_education_level;Bachelor
6;parental_education_level;Master
518;mental_health_rating;3
634;exam_score;96.4
319;netflix_hours;1.7
121;attendance_percentage;100.0
281;mental_health_rating;5
708;mental_health_rating;10
322;mental_health_rating;8
108;parental_education_level;Bachelor
442;sleep_hours;6.2
731;netflix_hours;0.0
56;attendance_percentage;78.4
745;exam_score;35.4
60;age;21
1;mental_health_rating;8
305;sleep_hours;7.7
381;gender;Female
683;attendance_percentage;83.3
50;attendance_percentage;86.9
181;exercise_frequency;0
19;sleep_hours;7.5
455;study_hours_per_day;2.0
276;attendance_percentage;100.0
559;age;19
316;study_hours_per_day;3.2
72;parental_education_level;Bachelor
402;social_media_hours;1.9
178;exam_score;66.6
625;social_media_hours;1.2
747;attendance_percentage;93.5
480;parental_education_level;High School
777;exercise_frequency;2
325;exercise_frequency;2
792;exercise_frequency;3
280;exam_score;39.6
371;age;24
498;gender;Female
26;gender;Male
255;exam_score;58.6
195;sleep_hours;4.7
60;gender;Male
305;attendance_percentage;71.6
764;social_media_hours;4.8
902;study_hours_per_day;3.5
782;age;17
398;social_media_hours;3.5
878;netflix_hours;1.0
488;sleep_hours;3.6
292;exercise_frequency;1
316;netflix_hours;1.2
29;sleep_hours;6.7
238;mental_health_rating;6
801;age;22
816;mental_health_rating;1
373;sleep_hours;6.3
199;attendance_percentage;79.7
153;mental_health_rating;7
141;sleep_hours;6.6
691;age;21
763;age;17
132;exam_score;65.4
448;exercise_frequency;3
337;netflix_hours;1.6
571;age;23
731;mental_health_rating;7
443;exam_score;56.9
61;exam_score;77.6
391;exercise_frequency;5
29;social_media_hours;3.2
579;study_hours_per_day;3.0
32;netflix_hours;4.3
558;social_media_hours;1.9
27;gender;Male
326;netflix_hours;2.3
773;exam_score;72.5
376;attendance_percentage;100.0
113;gender;Female
100;mental_health_rating;4
25;age;22
120;age;20
733;exam_score;89.5
60;attendance_percentage;93.1
667;parental_education_level;Bachelor
676;netflix_hours;3.3
353;exam_score;71.0
892;netflix_hours;2.2
732;age;22
275;attendance_percentage;88.1
841;age;22
398;mental_health_rating;2
105;sleep_hours;4.9
842;exercise_frequency;0
670;sleep_hours;7.4
404;sleep_hours;6.6
194;exam_score;98.3
377;study_hours_per_day;4.7
255;study_hours_per_day;3.2
626;social_media_hours;2.8
648;social_media_hours;1.4
238;sleep_hours;5.7
612;netflix_hours;0.7
742;attendance_percentage;83.0
470;netflix_hours;1.6
238;attendance_percentage;90.6
709;mental_health_rating;6
161;mental_health_rating;7
444;exercise_frequency;5
431;mental_health_rating;1
202;mental_health_rating;10
722;gender;Male
740;gender;Female
451;parental_education_level;Bachelor
638;social_media_hours;2.1
217;social_media_hours;0.8
845;social_media_hours;2.4
216;study_hours_per_day;3.0
766;attendance_percentage;78.2
706;mental_health_rating;8
169;gender;Female
363;netflix_hours;0.0
244;exam_score;62.7
594;social_media_hours;4.7
419;parental_education_level;High School
530;exercise_frequency;0
288;gender;Female
19;gender;Male
408;netflix_hours;0.9
272;gender;Female
823;parental_education_level;Bachelor
442;parental_education_level;Bachelor
46;exam_score;52.6
277;study_hours_per_day;3.3
795;social_media_hours;3.0
157;mental_health_rating;3
391;social_media_hours;2.3
837;sleep_hours;7.6
213;social_media_hours;1.4
626;study_hours_per_day;4.9
865;social_media_hours;3.0
729;exercise_frequency;3
755;exam_score;78.5
891;social_media_hours;0.0
654;netflix_hours;0.0
1;exam_score;56.2
518;attendance_percentage;82.7
567;parental_education_level;Bachelor
255;netflix_hours;4.3
810;age;23
482;exercise_frequency;2
833;netflix_hours;0.0
778;exam_score;45.0
771;attendance_percentage;83.9
589;exam_score;88.0
182;age;21
368;attendance_percentage;80.0
186;gender;Male
553;exam_score;77.4
442;mental_health_rating;2
190;parental_education_level;Bachelor
507;study_hours_per_day;2.8
848;study_hours_per_day;3.4
270;social_media_hours;1.6
209;age;22
695;age;24
880;parental_education_level;Bachelor
589;age;21
836;parental_education_level;Master
387;exercise_frequency;1
669;study_hours_per_day;4.3
434;gender;Male
602;attendance_percentage;89.6
207;study_hours_per_day;3.9
153;study_hours_per_day;3.3
131;social_media_hours;1.3
839;exam_score;58.8
441;gender;Female
312;netflix_hours;3.1
50;social_media_hours;3.6
507;exercise_frequency;6
196;social_media_hours;3.1
743;age;17
246;parental_education_level;Bachelor
875;sleep_hours;7.6
182;exercise_frequency;1
625;parental_education_level;High School
645;exam_score;83.3
548;gender;Other
451;sleep_hours;5.9
327;sleep_hours;8.3
679;sleep_hours;6.7
870;social_media_hours;4.5
551;exam_score;57.5
498;mental_health_rating;3
306;exam_score;72.3
465;netflix_hours;2.8
212;sleep_hours;7.9
543;gender;Male
559;parental_education_level;Bachelor
831;parental_education_level;High School
900;attendance_percentage;91.7
145;age;20
604;age;21
662;social_media_hours;0.0
508;age;20
582;gender;Female
79;mental_health_rating;4
874;age;23
514;parental_education_level;Bachelor
11;exercise_frequency;2
428;mental_health_rating;8
24;age;20
787;study_hours_per_day;6.2
329;attendance_percentage;75.8
349;parental_education_level;High School
650;study_hours_per_day;1.0
732;exercise_frequency;3
67;exam_score;100.0
213;parental_education_level;Bachelor
419;exam_score;58.9
756;netflix_hours;0.0
680;attendance_percentage;97.6
434;netflix_hours;2.6
550;age;23
489;exercise_frequency;2
590;age;23
372;social_media_hours;2.0
703;age;21
661;study_hours_per_day;4.3
852;study_hours_per_day;4.1
701;mental_health_rating;2
66;mental_health_rating;6
242;mental_health_rating;8
456;netflix_hours;4.2
238;study_hours_per_day;3.6
318;social_media_hours;6.0
52;exam_score;68.1
844;gender;Female
50;study_hours_per_day;2.4
280;social_media_hours;3.5
451;mental_health_rating;10
749;mental_health_rating;4
298;gender;Female
593;exam_score;82.6
535;social_media_hours;2.3
798;netflix_hours;1.8
608;social_media_hours;0.5
619;mental_health_rating;8
802;attendance_percentage;72.5
604;parental_education_level;High School
571;study_hours_per_day;4.0
763;mental_health_rating;10
564;gender;Female
428;study_hours_per_day;5.4
908;attendance_percentage;100.0
443;netflix_hours;0.9
898;sleep_hours;4.1
594;gender;Female
107;study_hours_per_day;5.3
462;social_media_hours;3.2
408;attendance_percentage;75.9
404;netflix_hours;1.0
306;netflix_hours;1.2
324;parental_education_level;Bachelor
29;attendance_percentage;82.6
559;netflix_hours;2.3
562;social_media_hours;2.4
192;netflix_hours;1.9
44;social_media_hours;3.1
87;study_hours_per_day;4.0
407;exercise_frequency;3
291;netflix_hours;2.9
683;social_media_hours;3.4
245;sleep_hours;5.8
21;study_hours_per_day;5.6
835;mental_health_rating;7
131;netflix_hours;0.8
830;mental_health_rating;10
544;social_media_hours;1.1
246;social_media_hours;3.1
635;parental_education_level;Master
727;exam_score;76.3
694;attendance_percentage;82.8
847;age;24
319;study_hours_per_day;4.9
640;netflix_hours;3.6
279;exercise_frequency;5
450;parental_education_level;High School
359;exam_score;79.6
786;exam_score;65.9
566;gender;Female
629;study_hours_per_day;5.6
284;exam_score;73.3
280;parental_education_level;Bachelor
311;age;20
685;exam_score;59.3
899;netflix_hours;2.1
219;gender;Female
86;parental_education_level;High School
472;attendance_percentage;99.0
360;attendance_percentage;79.8
83;sleep_hours;9.5
234;social_media_hours;1.2
626;exam_score;88.7
634;exercise_frequency;4
165;study_hours_per_day;3.5
887;gender;Female
32;exercise_frequency;3
883;exam_score;74.6
266;gender;Male
223;study_hours_per_day;4.3
116;mental_health_rating;8
684;netflix_hours;0.2
657;sleep_hours;5.7
87;age;24
632;netflix_hours;1.6
318;mental_health_rating;2
680;parental_education_level;Bachelor
842;exam_score;89.8
542;netflix_hours;1.9
224;gender;Female
13;exercise_frequency;4
92;parental_education_level;High School
393;parental_education_level;Bachelor
863;gender;Female
664;attendance_percentage;98.3
726;netflix_hours;3.9
197;study_hours_per_day;3.2
671;exercise_frequency;1
679;netflix_hours;1.0
712;social_media_hours;2.6
84;sleep_hours;6.2
807;exam_score;69.8
664;age;24
348;mental_health_rating;6
687;netflix_hours;2.4
351;age;22
430;attendance_percentage;85.1
402;netflix_hours;1.5
650;exercise_frequency;4
444;netflix_hours;0.6
794;attendance_percentage;96.0
176;parental_education_level;Master
547;gender;Other
573;study_hours_per_day;0.7
719;netflix_hours;2.4
565;exercise_frequency;0
307;sleep_hours;7.4
641;exam_score;56.4
371;study_hours_per_day;4.6
593;age;21
38;sleep_hours;5.7
852;gender;Other
16;exercise_frequency;3
66;exercise_frequency;0
369;exam_score;60.4
417;study_hours_per_day;8.3
435;mental_health_rating;5
54;age;24
679;exam_score;77.2
871;mental_health_rating;6
665;netflix_hours;1.4
635;study_hours_per_day;4.7
701;exercise_frequency;2
402;attendance_percentage;92.4
867;social_media_hours;2.3
535;exercise_frequency;6
596;mental_health_rating;5
550;attendance_percentage;97.2
459;exam_score;63.0
189;mental_health_rating;10
433;age;19
285;attendance_percentage;79.0
632;mental_health_rating;9
298;study_hours_per_day;3.8
30;exam_score;70.6
869;gender;Male
681;parental_education_level;High School
302;social_media_hours;2.5
564;study_hours_per_day;3.4
714;exam_score;82.8
111;netflix_hours;1.8
511;netflix_hours;1.1
4;netflix_hours;1.0
129;mental_health_rating;6
101;parental_education_level;High School
235;parental_education_level;Bachelor
581;exercise_frequency;3
144;social_media_hours;1.8
94;netflix_hours;3.1
14;age;24
494;parental_education_level;Bachelor
138;social_media_hours;4.7
792;study_hours_per_day;2.0
759;social_media_hours;2.9
204;attendance_percentage;83.2
805;study_hours_per_day;5.2
360;social_media_hours;0.6
877;age;21
330;attendance_percentage;98.2
569;netflix_hours;2.1
437;parental_education_level;Master
748;age;20
208;exercise_frequency;3
710;attendance_percentage;66.0
7;social_media_hours;1.5
280;sleep_hours;6.2
546;sleep_hours;5.4
212;age;22
631;attendance_percentage;77.2
826;sleep_hours;9.4
609;attendance_percentage;81.2
353;exercise_frequency;2
317;attendance_percentage;91.6
395;study_hours_per_day;0.0
542;exam_score;66.1
401;age;23
669;gender;Other
193;social_media_hours;2.3
661;exercise_frequency;3
487;social_media_hours;3.8
642;age;23
647;study_hours_per_day;5.6
901;parental_education_level;High School
603;mental_health_rating;4
837;gender;Male
379;study_hours_per_day;3.9
744;study_hours_per_day;2.0
764;age;23
251;sleep_hours;6.0
577;mental_health_rating;8
605;netflix_hours;2.3
631;exercise_frequency;4
144;netflix_hours;3.0
287;social_media_hours;1.6
684;gender;Female
200;age;24
573;attendance_percentage;95.9
877;mental_health_rating;8
386;netflix_hours;3.9
107;age;23
376;exam_score;53.0
800;sleep_hours;4.1
757;study_hours_per_day;5.1
441;attendance_percentage;65.2
342;parental_education_level;Bachelor
391;netflix_hours;0.8
233;study_hours_per_day;4.3
327;netflix_hours;2.3
667;social_media_hours;0.0
64;exercise_frequency;4
652;attendance_percentage;95.1
873;parental_education_level;Master
341;age;20
193;parental_education_level;Master
303;attendance_percentage;76.8
81;exam_score;51.3
492;mental_health_rating;8
769;attendance_percentage;83.6
868;mental_health_rating;4
505;study_hours_per_day;3.8
513;age;18
85;study_hours_per_day;3.9
646;age;24
861;social_media_hours;1.1
477;sleep_hours;6.0
43;sleep_hours;5.3
823;exam_score;53.9
806;gender;Female
537;age;24
85;gender;Male
435;attendance_percentage;79.7
430;parental_education_level;Bachelor
505;exam_score;69.9
676;exercise_frequency;3
871;gender;Male
298;social_media_hours;1.8
25;attendance_percentage;74.7
270;age;18
459;mental_health_rating;7
257;parental_education_level;High School
699;attendance_percentage;88.0
866;social_media_hours;2.8
167;exercise_frequency;1
272;age;20
738;netflix_hours;2.2
262;attendance_percentage;73.0
355;exam_score;64.2
413;exercise_frequency;4
338;study_hours_per_day;5.8
803;age;24
904;study_hours_per_day;1.6
77;study_hours_per_day;2.9
13;netflix_hours;2.7
491;exam_score;67.4
565;gender;Female
157;social_media_hours;2.4
903;exercise_frequency;1
462;study_hours_per_day;4.8
259;age;18
709;sleep_hours;6.4
592;exercise_frequency;4
585;exam_score;49.4
561;social_media_hours;2.2
312;social_media_hours;3.2
681;netflix_hours;2.0
435;exercise_frequency;6
91;exercise_frequency;0
300;age;19
869;age;18
850;attendance_percentage;75.9
88;study_hours_per_day;4.8
607;social_media_hours;2.1
813;netflix_hours;0.7
326;sleep_hours;6.2
184;netflix_hours;0.5
692;sleep_hours;5.5
612;sleep_hours;7.3
827;exam_score;71.8
851;exam_score;28.0
91;netflix_hours;2.0
159;mental_health_rating;4
551;attendance_percentage;83.0
281;exercise_frequency;2
101;sleep_hours;6.6
121;gender;Female
224;attendance_percentage;83.8
464;exam_score;51.1
391;gender;Female
223;sleep_hours;5.0
279;parental_education_level;High School
172;exercise_frequency;3
140;age;21
518;sleep_hours;5.0
242;age;17
96;gender;Male
683;age;18
313;attendance_percentage;72.4
672;age;18
222;attendance_percentage;72.0
104;mental_health_rating;3
622;social_media_hours;1.8
908;mental_health_rating;1
550;sleep_hours;4.4
440;attendance_percentage;91.4
763;sleep_hours;7.5
621;exercise_frequency;5
359;social_media_hours;5.0
451;study_hours_per_day;3.0
836;sleep_hours;5.8
809;study_hours_per_day;4.7
280;gender;Male
404;mental_health_rating;8
51;mental_health_rating;7
62;parental_education_level;High School
228;mental_health_rating;8
459;exercise_frequency;0
378;netflix_hours;3.2
519;netflix_hours;2.0
293;netflix_hours;3.1
636;gender;Male
791;gender;Other
117;parental_education_level;Bachelor
326;exam_score;47.6
86;age;18
691;study_hours_per_day;1.9
799;social_media_hours;2.3
158;parental_education_level;High School
330;exercise_frequency;5
51;parental_education_level;Bachelor
371;attendance_percentage;74.5
200;exercise_frequency;1
317;exercise_frequency;3
847;exam_score;89.3
881;parental_education_level;High School
196;age;23
546;study_hours_per_day;6.0
778;study_hours_per_day;0.5
757;social_media_hours;2.6
393;study_hours_per_day;3.6
660;gender;Male
60;parental_education_level;High School
711;age;18
402;study_hours_per_day;2.4
486;study_hours_per_day;6.4
792;sleep_hours;7.3
248;exercise_frequency;3
538;gender;Female
742;sleep_hours;4.2
445;exam_score;94.6
238;netflix_hours;2.7
670;exercise_frequency;6
708;exercise_frequency;0
880;exam_score;85.9
28;exercise_frequency;5
857;age;21
69;exercise_frequency;0
468;netflix_hours;1.9
89;gender;Male
785;age;20
621;exam_score;71.6
15;netflix_hours;1.0
145;mental_health_rating;9
451;exam_score;73.9
826;study_hours_per_day;5.6
366;parental_education_level;Bachelor
308;gender;Female
464;social_media_hours;1.7
819;mental_health_rating;3
636;age;24
763;parental_education_level;Bachelor
789;exercise_frequency;6
445;netflix_hours;2.0
657;exercise_frequency;2
371;exam_score;85.6
895;social_media_hours;3.1
772;exam_score;67.4
882;exam_score;91.9
181;study_hours_per_day;4.1
704;exercise_frequency;0
226;sleep_hours;7.7
895;exam_score;80.9
548;age;23
417;exercise_frequency;5
754;age;19
830;age;20
161;exam_score;65.3
532;parental_education_level;High School
20;parental_education_level;Master
830;exercise_frequency;6
190;social_media_hours;0.5
262;exam_score;47.1
736;age;17
860;mental_health_rating;4
187;netflix_hours;1.0
568;gender;Female
487;exam_score;40.4
639;parental_education_level;Master
813;gender;Male
829;social_media_hours;4.5
243;social_media_hours;2.2
508;exercise_frequency;3
902;sleep_hours;6.4
710;social_media_hours;2.3
265;netflix_hours;0.9
197;netflix_hours;0.7
141;parental_education_level;High School
841;exam_score;65.6
594;study_hours_per_day;3.1
592;exam_score;100.0
143;exam_score;56.7
396;mental_health_rating;9
452;social_media_hours;1.7
165;social_media_hours;3.0
895;sleep_hours;5.7
359;exercise_frequency;2
363;exam_score;92.0
135;exam_score;78.1
692;mental_health_rating;1
288;sleep_hours;7.7
8;netflix_hours;2.0
69;gender;Female
271;exercise_frequency;6
478;age;23
785;netflix_hours;1.1
447;attendance_percentage;91.6
483;study_hours_per_day;4.8
526;study_hours_per_day;3.3
433;social_media_hours;2.7
623;age;18
120;parental_education_level;Bachelor
547;parental_education_level;High School
503;study_hours_per_day;4.8
667;gender;Female
368;mental_health_rating;3
264;gender;Female
835;social_media_hours;2.2
703;netflix_hours;2.2
299;attendance_percentage;77.2
338;exercise_frequency;6
831;netflix_hours;1.9
461;netflix_hours;2.6
773;attendance_percentage;67.5
473;gender;Female
438;gender;Male
662;exam_score;63.6
466;age;22
362;mental_health_rating;9
676;parental_education_level;Bachelor
603;exam_score;64.4
878;sleep_hours;6.1
32;study_hours_per_day;2.6
720;study_hours_per_day;2.6
436;age;24
146;social_media_hours;3.0
257;sleep_hours;5.9
690;parental_education_level;Bachelor
463;exercise_frequency;6
414;mental_health_rating;6
282;social_media_hours;1.6
233;attendance_percentage;87.1
659;netflix_hours;1.6
615;mental_health_rating;2
824;parental_education_level;Bachelor
424;age;22
161;netflix_hours;0.3
463;sleep_hours;5.4
522;sleep_hours;5.6
856;exam_score;67.9
651;mental_health_rating;9
199;exam_score;87.0
341;attendance_percentage;83.7
375;study_hours_per_day;1.2
792;attendance_percentage;81.4
859;age;22
162;parental_education_level;High School
440;exercise_frequency;5
276;age;24
727;gender;Female
328;attendance_percentage;70.0
541;social_media_hours;2.0
539;exam_score;34.7
746;study_hours_per_day;2.6
792;exam_score;66.5
570;study_hours_per_day;2.4
446;netflix_hours;2.7
623;attendance_percentage;88.3
530;netflix_hours;0.7
154;attendance_percentage;89.0
469;social_media_hours;2.9
622;study_hours_per_day;5.0
293;attendance_percentage;76.8
546;netflix_hours;2.2
295;mental_health_rating;9
148;sleep_hours;6.8
881;social_media_hours;2.5
225;netflix_hours;1.7
903;mental_health_rating;7
343;exam_score;68.4
487;age;24
253;sleep_hours;6.4
515;study_hours_per_day;4.1
97;social_media_hours;1.2
478;exercise_frequency;4
769;social_media_hours;3.8
451;attendance_percentage;67.3
322;gender;Male
359;netflix_hours;1.8
696;exercise_frequency;1
397;attendance_percentage;100.0
588;mental_health_rating;10
210;parental_education_level;High School
101;netflix_hours;2.1
157;age;21
520;mental_health_rating;2
313;mental_health_rating;3
648;netflix_hours;2.8
294;age;22
55;exam_score;75.2
576;study_hours_per_day;4.5
816;exercise_frequency;1
155;mental_health_rating;1
651;exam_score;68.9
661;netflix_hours;2.6
217;gender;Female
397;mental_health_rating;3
115;study_hours_per_day;1.5
769;netflix_hours;1.3
524;mental_health_rating;3
281;gender;Female
430;mental_health_rating;8
816;sleep_hours;6.6
548;netflix_hours;2.0
551;exercise_frequency;3
83;netflix_hours;2.3
144;mental_health_rating;5
669;sleep_hours;7.6
92;social_media_hours;3.6
552;exercise_frequency;2
143;social_media_hours;1.8
407;sleep_hours;4.8
106;exam_score;51.3
526;attendance_percentage;90.0
335;sleep_hours;5.8
461;exercise_frequency;6
399;gender;Male
677;exercise_frequency;2
515;social_media_hours;1.6
844;attendance_percentage;78.0
438;social_media_hours;3.6
128;gender;Male
371;exercise_frequency;6
280;study_hours_per_day;2.6
33;mental_health_rating;4
687;age;19
113;age;23
542;parental_education_level;Bachelor
267;attendance_percentage;74.3
207;age;18
239;age;22
269;study_hours_per_day;3.9
540;exam_score;88.0
299;exam_score;75.4
256;gender;Male
829;exam_score;53.5
202;study_hours_per_day;4.5
166;age;22
432;parental_education_level;Bachelor
700;mental_health_rating;7
578;attendance_percentage;79.7
128;mental_health_rating;2
84;mental_health_rating;2
636;mental_health_rating;5
378;attendance_percentage;63.0
826;attendance_percentage;92.2
383;social_media_hours;3.7
538;sleep_hours;6.5
247;netflix_hours;2.1
258;netflix_hours;0.4
285;gender;Other
438;age;24
526;gender;Female
818;attendance_percentage;66.0
233;netflix_hours;1.4
107;mental_health_rating;1
282;attendance_percentage;92.5
445;gender;Male
568;study_hours_per_day;1.3
272;attendance_percentage;90.1
132;age;20
92;sleep_hours;7.1
393;sleep_hours;8.6
156;age;24
574;parental_education_level;Master
623;study_hours_per_day;2.5
267;netflix_hours;1.3
94;mental_health_rating;7
121;exercise_frequency;6
744;exam_score;50.7
561;attendance_percentage;91.4
771;social_media_hours;2.4
601;study_hours_per_day;3.6
501;netflix_hours;0.4
467;study_hours_per_day;5.9
48;attendance_percentage;82.8
801;sleep_hours;4.7
202;netflix_hours;4.2
86;gender;Male
28;parental_education_level;High School
567;exercise_frequency;5
393;netflix_hours;1.4
800;netflix_hours;2.0
681;attendance_percentage;80.0
126;gender;Female
547;mental_health_rating;5
187;attendance_percentage;79.3
826;mental_health_rating;8
349;age;17
740;social_media_hours;4.0
250;gender;Female
510;mental_health_rating;2
46;parental_education_level;Bachelor
500;gender;Female
335;exam_score;56.9
851;exercise_frequency;1
544;attendance_percentage;83.4
576;parental_education_level;Master
123;sleep_hours;5.9
608;exam_score;88.9
719;age;20
573;age;17
133;gender;Male
70;sleep_hours;7.9
392;sleep_hours;8.2
364;sleep_hours;4.9
695;mental_health_rating;10
699;sleep_hours;6.5
345;study_hours_per_day;2.8
195;age;21
873;exam_score;55.1
230;netflix_hours;1.6
310;exam_score;67.7
76;exam_score;91.6
375;exam_score;34.3
309;attendance_percentage;92.0
229;parental_education_level;Bachelor
231;exercise_frequency;3
781;gender;Female
487;exercise_frequency;1
304;sleep_hours;6.6
302;attendance_percentage;96.9
777;gender;Female
452;parental_education_level;High School
295;social_media_hours;4.6
583;study_hours_per_day;3.4
425;parental_education_level;Master
861;gender;Female
242;parental_education_level;High School
190;exercise_frequency;3
297;gender;Male
415;study_hours_per_day;3.4
672;study_hours_per_day;5.3
278;study_hours_per_day;1.7
593;social_media_hours;2.1
179;mental_health_rating;5
482;social_media_hours;1.3
794;sleep_hours;7.0
881;netflix_hours;1.8
166;exercise_frequency;1
93;parental_education_level;Bachelor
30;gender;Female
115;exam_score;44.0
709;netflix_hours;3.2
597;parental_education_level;Bachelor
597;study_hours_per_day;2.4
892;mental_health_rating;10
258;attendance_percentage;88.6
536;exercise_frequency;6
533;sleep_hours;7.5
611;social_media_hours;2.2
422;social_media_hours;3.3
353;age;21
32;gender;Other
471;netflix_hours;3.1
380;attendance_percentage;85.3
762;exercise_frequency;5
110;sleep_hours;6.6
161;sleep_hours;5.0
759;attendance_percentage;88.1
737;sleep_hours;6.3
811;gender;Male
498;study_hours_per_day;3.3
259;exam_score;85.9
903;parental_education_level;High School
71;mental_health_rating;7
239;attendance_percentage;79.1
240;social_media_hours;3.0
892;age;20
382;exam_score;49.9
48;exercise_frequency;4
453;mental_health_rating;7
504;exercise_frequency;6
291;exercise_frequency;0
510;exercise_frequency;3
755;netflix_hours;2.6
51;age;20
495;gender;Female
81;netflix_hours;1.6
252;mental_health_rating;1
687;attendance_percentage;74.5
139;social_media_hours;2.8
902;exam_score;71.8
453;netflix_hours;2.2
177;study_hours_per_day;4.6
42;age;24
54;attendance_percentage;83.9
660;social_media_hours;3.0
275;exercise_frequency;3
740;exercise_frequency;1
720;sleep_hours;8.5
155;exercise_frequency;2
442;gender;Male
347;social_media_hours;3.6
898;gender;Male
622;parental_education_level;High School
150;attendance_percentage;95.3
26;netflix_hours;0.5
240;exercise_frequency;2
712;netflix_hours;2.4
395;attendance_percentage;82.0
217;age;20
193;gender;Female
205;sleep_hours;4.6
656;attendance_percentage;84.5
22;age;18
175;social_media_hours;3.2
823;exercise_frequency;5
462;netflix_hours;1.6
49;exam_score;59.7
115;sleep_hours;7.4
178;study_hours_per_day;2.6
315;exam_score;85.0
434;age;20
500;mental_health_rating;7
500;age;17
155;age;22
102;social_media_hours;2.4
198;parental_education_level;High School
425;exercise_frequency;1
299;parental_education_level;High School
643;exercise_frequency;4
908;sleep_hours;7.6
7;exam_score;89.8
234;study_hours_per_day;4.2
529;age;18
499;netflix_hours;1.8
89;parental_education_level;High School
817;mental_health_rating;10
284;attendance_percentage;84.9
587;exam_score;68.4
831;attendance_percentage;80.3
491;study_hours_per_day;4.2
309;parental_education_level;High School
214;exercise_frequency;4
343;study_hours_per_day;4.0
245;attendance_percentage;81.7
6;social_media_hours;1.3
55;attendance_percentage;90.7
684;exercise_frequency;4
776;social_media_hours;3.7
665;exam_score;75.2
611;exam_score;84.9
158;exercise_frequency;5
80;sleep_hours;7.7
706;exam_score;100.0
703;gender;Male
245;social_media_hours;0.7
829;age;18
816;parental_education_level;High School
476;age;23
493;exercise_frequency;0
240;netflix_hours;0.4
206;gender;Female
298;mental_health_rating;2
706;age;24
333;age;17
874;netflix_hours;2.0
443;social_media_hours;1.2
384;social_media_hours;4.6
908;gender;Male
596;gender;Male
554;study_hours_per_day;3.6
191;age;22
364;mental_health_rating;8
395;exam_score;29.9
571;sleep_hours;6.5
333;gender;Male
180;parental_education_level;High School
97;parental_education_level;Master
133;study_hours_per_day;4.3
244;social_media_hours;2.4
257;social_media_hours;2.3
622;exercise_frequency;6
179;attendance_percentage;93.4
528;attendance_percentage;72.6
679;study_hours_per_day;3.7
299;age;22
321;gender;Female
662;parental_education_level;Master
567;social_media_hours;1.9
180;gender;Male
578;social_media_hours;1.5
162;age;19
481;attendance_percentage;84.8
753;mental_health_rating;1
71;social_media_hours;3.6
786;study_hours_per_day;3.8
223;exercise_frequency;5
450;social_media_hours;3.1
655;mental_health_rating;2
438;attendance_percentage;93.8
811;attendance_percentage;86.6
566;parental_education_level;Master
153;netflix_hours;1.2
345;attendance_percentage;82.3
139;netflix_hours;4.1
83;study_hours_per_day;3.6
475;parental_education_level;High School
122;attendance_percentage;84.8
595;exam_score;57.6
725;social_media_hours;1.5
517;gender;Male
164;exam_score;58.1
219;age;22
427;exercise_frequency;2
88;mental_health_rating;2
406;exam_score;64.9
570;parental_education_level;Bachelor
888;sleep_hours;7.8
831;exercise_frequency;0
584;study_hours_per_day;2.4
587;attendance_percentage;100.0
646;social_media_hours;2.5
2;mental_health_rating;8
362;sleep_hours;6.6
327;exercise_frequency;2
686;parental_education_level;Bachelor
565;mental_health_rating;2
593;parental_education_level;High School
6;age;24
388;age;24
377;sleep_hours;6.0
159;sleep_hours;5.6
904;sleep_hours;5.6
709;attendance_percentage;82.4
104;exam_score;76.9
664;exam_score;70.6
149;study_hours_per_day;4.2
309;social_media_hours;2.2
757;age;20
665;mental_health_rating;5
906;attendance_percentage;86.0
411;mental_health_rating;8
385;social_media_hours;2.9
663;exercise_frequency;3
579;gender;Female
403;mental_health_rating;5
510;gender;Male
343;gender;Female
31;age;17
595;gender;Female
51;netflix_hours;3.5
681;sleep_hours;5.4
292;sleep_hours;6.9
621;mental_health_rating;9
225;attendance_percentage;85.2
844;exam_score;68.8
366;age;22
872;social_media_hours;1.8
304;mental_health_rating;2
472;social_media_hours;2.2
274;social_media_hours;2.8
889;study_hours_per_day;1.3
569;social_media_hours;1.6
731;attendance_percentage;70.3
45;netflix_hours;1.0
800;mental_health_rating;6
238;exercise_frequency;0
170;sleep_hours;5.6
829;exercise_frequency;3
345;mental_health_rating;6
114;netflix_hours;0.1
908;exercise_frequency;0
737;parental_education_level;High School
832;gender;Male
607;study_hours_per_day;3.5
866;study_hours_per_day;2.7
725;parental_education_level;Bachelor
736;study_hours_per_day;4.5
570;netflix_hours;0.8
527;exam_score;68.5
696;attendance_percentage;81.6
872;mental_health_rating;10
2;parental_education_level;High School
481;sleep_hours;7.5
585;sleep_hours;4.3
73;age;20
708;social_media_hours;3.7
682;sleep_hours;4.4
329;sleep_hours;7.0
48;exam_score;62.0
117;attendance_percentage;71.6
714;study_hours_per_day;5.2
362;exam_score;51.8
499;study_hours_per_day;2.0
715;sleep_hours;7.9
495;social_media_hours;3.8
890;gender;Female
250;parental_education_level;Bachelor
184;social_media_hours;1.3
27;social_media_hours;2.2
200;exam_score;48.5
780;mental_health_rating;1
422;mental_health_rating;5
522;attendance_percentage;91.4
615;age;18
733;attendance_percentage;88.7
248;exam_score;53.3
606;parental_education_level;Bachelor
590;social_media_hours;2.4
566;attendance_percentage;92.8
263;exercise_frequency;6
668;mental_health_rating;1
862;netflix_hours;0.9
37;exercise_frequency;0
555;mental_health_rating;7
247;gender;Female
113;parental_education_level;Bachelor
155;exam_score;62.4
815;netflix_hours;3.4
713;study_hours_per_day;3.5
797;exam_score;36.9
850;exercise_frequency;6
588;parental_education_level;High School
822;mental_health_rating;1
52;gender;Female
827;mental_health_rating;1
843;study_hours_per_day;4.0
201;netflix_hours;1.0
331;exercise_frequency;5
872;gender;Female
65;age;17
691;parental_education_level;High School
485;netflix_hours;2.8
185;exam_score;96.5
696;study_hours_per_day;5.2
722;exercise_frequency;2
122;sleep_hours;7.5
466;sleep_hours;6.9
343;exercise_frequency;6
96;exercise_frequency;6
153;social_media_hours;2.0
681;exercise_frequency;0
36;mental_health_rating;2
66;gender;Female
809;age;23
635;gender;Male
680;mental_health_rating;6
813;sleep_hours;7.0
323;study_hours_per_day;3.2
772;age;18
98;netflix_hours;2.5
790;sleep_hours;6.3
433;exam_score;56.1
636;netflix_hours;1.6
358;exam_score;73.2
745;study_hours_per_day;1.4
573;exercise_frequency;1
876;netflix_hours;0.6
860;sleep_hours;5.5
860;age;21
86;attendance_percentage;72.7
205;parental_education_level;Master
615;netflix_hours;0.7
680;exercise_frequency;6
692;exam_score;59.5
298;parental_education_level;Bachelor
783;mental_health_rating;1
722;study_hours_per_day;8.2
455;netflix_hours;2.0
183;netflix_hours;0.7
489;exam_score;67.5
389;parental_education_level;Bachelor
828;parental_education_level;High School
205;gender;Female
639;attendance_percentage;56.7
176;exercise_frequency;4
200;netflix_hours;2.4
445;study_hours_per_day;5.0
871;study_hours_per_day;7.1
622;exam_score;92.9
233;sleep_hours;7.9
170;age;18
219;exercise_frequency;1
4;exam_score;26.8
49;age;22
393;gender;Male
652;study_hours_per_day;4.9
16;parental_education_level;High School
577;netflix_hours;1.8
86;study_hours_per_day;1.2
551;mental_health_rating;8
475;exercise_frequency;0
792;netflix_hours;0.2
116;sleep_hours;6.1
904;social_media_hours;1.3
639;study_hours_per_day;5.0
846;exercise_frequency;1
266;exercise_frequency;3
568;parental_education_level;High School
77;parental_education_level;High School
480;netflix_hours;3.2
892;sleep_hours;8.6
239;exam_score;71.0
286;parental_education_level;Bachelor
502;attendance_percentage;77.9
745;age;20
9;social_media_hours;2.2
410;sleep_hours;7.0
364;exercise_frequency;4
534;netflix_hours;3.4
385;parental_education_level;Master
391;mental_health_rating;8
863;study_hours_per_day;3.6
566;netflix_hours;0.5
390;social_media_hours;0.9
556;age;20
174;study_hours_per_day;1.7
508;gender;Female
412;netflix_hours;1.8
560;attendance_percentage;83.3
110;exercise_frequency;6
337;study_hours_per_day;6.3
853;study_hours_per_day;2.1
424;exercise_frequency;3
430;exam_score;96.1
864;exercise_frequency;5
309;exercise_frequency;2
92;attendance_percentage;92.3
486;gender;Female
772;mental_health_rating;8
136;mental_health_rating;7
688;mental_health_rating;10
857;social_media_hours;0.9
798;sleep_hours;4.8
413;age;22
332;exercise_frequency;4
611;attendance_percentage;85.4
495;netflix_hours;2.1
488;attendance_percentage;80.0
781;social_media_hours;3.9
558;exam_score;53.9
699;exam_score;84.6
256;exam_score;77.8
407;parental_education_level;Bachelor
77;netflix_hours;1.8
357;age;23
358;sleep_hours;5.9
868;study_hours_per_day;2.0
333;sleep_hours;5.1
215;age;20
584;netflix_hours;0.5
228;sleep_hours;4.4
643;netflix_hours;2.0
450;exercise_frequency;2
344;exam_score;72.9
316;sleep_hours;6.6
148;age;24
670;attendance_percentage;85.2
482;attendance_percentage;87.9
518;social_media_hours;3.2
887;exercise_frequency;5
547;sleep_hours;7.3
235;study_hours_per_day;6.7
694;exam_score;44.1
738;mental_health_rating;7
717;age;24
578;gender;Male
184;age;23
3;netflix_hours;1.3
825;gender;Female
311;sleep_hours;6.6
794;study_hours_per_day;5.1
519;social_media_hours;1.4
27;sleep_hours;4.8
258;study_hours_per_day;4.2
615;exercise_frequency;0
42;attendance_percentage;62.8
70;exercise_frequency;1
875;exam_score;89.1
488;study_hours_per_day;2.5
259;social_media_hours;0.6
326;attendance_percentage;100.0
545;age;22
772;exercise_frequency;5
659;exam_score;57.4
674;social_media_hours;0.7
748;exam_score;90.4
42;exam_score;65.7
583;age;22
309;age;19
566;sleep_hours;8.2
135;gender;Female
805;gender;Male
284;mental_health_rating;3
184;sleep_hours;7.8
881;attendance_percentage;56.0
857;attendance_percentage;91.7
348;age;18
717;social_media_hours;3.4
838;social_media_hours;2.3
773;mental_health_rating;9
654;attendance_percentage;98.8
429;netflix_hours;0.1
81;study_hours_per_day;2.5
876;gender;Male
139;study_hours_per_day;5.6
867;exercise_frequency;6
552;exam_score;61.1
683;gender;Male
347;parental_education_level;High School
853;attendance_percentage;88.8
580;mental_health_rating;10
578;parental_education_level;Master
663;gender;Male
515;mental_health_rating;7
731;exam_score;65.2
192;mental_health_rating;5
474;study_hours_per_day;3.5
114;study_hours_per_day;2.3
721;study_hours_per_day;0.3
309;mental_health_rating;5
617;exercise_frequency;4
578;exercise_frequency;1
498;sleep_hours;7.3
470;social_media_hours;0.6
492;age;19
639;exercise_frequency;2
786;mental_health_rating;2
779;exercise_frequency;5
356;age;19
787;exercise_frequency;3
367;sleep_hours;6.4
710;mental_health_rating;9
63;exercise_frequency;0
489;netflix_hours;2.8
312;age;19
474;mental_health_rating;3
413;netflix_hours;1.9
358;attendance_percentage;87.0
107;exam_score;83.3
3;exercise_frequency;1
404;attendance_percentage;62.5
708;parental_education_level;High School
315;exercise_frequency;0
646;parental_education_level;Bachelor
798;age;21
41;age;18
877;exercise_frequency;1
740;netflix_hours;2.4
187;study_hours_per_day;5.3
31;parental_education_level;Bachelor
707;social_media_hours;2.0
312;exam_score;80.3
475;netflix_hours;2.0
535;exam_score;75.4
585;age;17
9;mental_health_rating;1
603;sleep_hours;5.0
221;attendance_percentage;100.0
165;age;23
441;netflix_hours;1.6
383;netflix_hours;1.1
186;exercise_frequency;6
702;exercise_frequency;6
361;gender;Female
868;netflix_hours;0.0
431;parental_education_level;High School
809;attendance_percentage;83.9
576;gender;Male
490;age;23
364;age;20
812;sleep_hours;6.0
713;mental_health_rating;5
321;exam_score;100.0
841;study_hours_per_day;2.8
833;exercise_frequency;5
430;gender;Male
428;gender;Male
681;gender;Female
851;gender;Male
1;attendance_percentage;85.0
696;social_media_hours;4.4
618;parental_education_level;Bachelor
155;attendance_percentage;87.0
52;age;23
37;age;17
768;social_media_hours;0.6
846;sleep_hours;4.9
738;sleep_hours;7.6
140;parental_education_level;Bachelor
716;gender;Male
832;age;18
303;exam_score;100.0
582;study_hours_per_day;6.4
234;parental_education_level;High School
409;exercise_frequency;2
142;study_hours_per_day;1.9
501;social_media_hours;4.3
761;exam_score;80.0
473;netflix_hours;0.6
16;gender;Male
346;exam_score;50.3
19;social_media_hours;2.5
824;sleep_hours;8.7
504;netflix_hours;5.4
524;exam_score;77.2
780;social_media_hours;3.2
149;mental_health_rating;5
734;sleep_hours;5.4
888;exercise_frequency;0
661;sleep_hours;5.0
732;study_hours_per_day;3.2
454;netflix_hours;1.8
37;study_hours_per_day;3.8
830;parental_education_level;Bachelor
392;social_media_hours;1.5
10;exam_score;100.0
288;attendance_percentage;89.2
816;attendance_percentage;93.2
766;age;21
151;social_media_hours;3.3
564;sleep_hours;7.8
469;gender;Male
346;study_hours_per_day;1.1
595;netflix_hours;0.0
566;exercise_frequency;4
318;exercise_frequency;3
905;exercise_frequency;2
271;gender;Male
237;sleep_hours;5.2
255;age;17
38;parental_education_level;High School
531;sleep_hours;6.4
626;netflix_hours;0.6
436;gender;Male
108;netflix_hours;1.9
120;sleep_hours;5.5
75;sleep_hours;7.1
44;age;20
132;sleep_hours;4.9
832;attendance_percentage;91.1
899;mental_health_rating;6
777;study_hours_per_day;3.1
153;parental_education_level;High School
91;age;22
325;age;24
105;gender;Female
284;sleep_hours;7.1
147;parental_education_level;High School
664;social_media_hours;2.8
16;age;20
168;netflix_hours;0.7
907;exercise_frequency;5
144;exam_score;62.3
410;attendance_percentage;93.4
606;study_hours_per_day;3.4
838;mental_health_rating;1
635;social_media_hours;1.2
11;parental_education_level;Bachelor
450;netflix_hours;2.3
855;sleep_hours;4.5
422;study_hours_per_day;3.7
466;gender;Male
697;mental_health_rating;4
741;social_media_hours;1.5
234;gender;Female
321;study_hours_per_day;5.7
583;parental_education_level;Bachelor
855;gender;Male
581;netflix_hours;0.7
581;gender;Female
902;exercise_frequency;3
151;sleep_hours;6.8
649;exercise_frequency;1
861;mental_health_rating;2
713;sleep_hours;3.5
834;study_hours_per_day;3.3
271;social_media_hours;3.3
3;study_hours_per_day;1.4
68;netflix_hours;1.3
866;attendance_percentage;92.2
787;attendance_percentage;80.9
314;gender;Male
593;exercise_frequency;1
498;exercise_frequency;6
697;exercise_frequency;6
496;exercise_frequency;2
310;parental_education_level;Bachelor
558;mental_health_rating;1
751;exercise_frequency;6
658;age;19
449;mental_health_rating;2
402;mental_health_rating;3
855;mental_health_rating;3
540;parental_education_level;High School
501;sleep_hours;4.8
528;social_media_hours;2.6
496;sleep_hours;5.4
49;gender;Female
827;netflix_hours;3.0
9;netflix_hours;1.7
259;exercise_frequency;1
478;parental_education_level;High School
377;gender;Female
55;social_media_hours;2.4
94;study_hours_per_day;2.4
233;exam_score;65.2
167;study_hours_per_day;5.3
419;attendance_percentage;86.5
774;parental_education_level;Master
156;exercise_frequency;1
187;age;20
874;study_hours_per_day;3.1
228;attendance_percentage;83.0
328;mental_health_rating;8
738;social_media_hours;3.6
902;mental_health_rating;3
784;netflix_hours;2.7
215;social_media_hours;1.7
390;exam_score;80.9
90;mental_health_rating;8
585;mental_health_rating;4
190;netflix_hours;2.0
631;netflix_hours;1.0
37;social_media_hours;1.7
399;exam_score;58.3
874;attendance_percentage;95.9
33;attendance_percentage;100.0
106;exercise_frequency;0
878;gender;Female
337;sleep_hours;7.7
30;age;21
222;exam_score;51.2
406;study_hours_per_day;2.8
486;sleep_hours;6.1
569;study_hours_per_day;3.0
761;mental_health_rating;6
650;sleep_hours;5.8
326;parental_education_level;High School
802;parental_education_level;Bachelor
320;gender;Female
612;exercise_frequency;2
406;exercise_frequency;4
896;exam_score;59.6
124;gender;Male
585;netflix_hours;2.0
417;exam_score;100.0
893;study_hours_per_day;3.9
71;netflix_hours;3.9
40;study_hours_per_day;2.9
111;mental_health_rating;2
236;attendance_percentage;78.6
346;social_media_hours;2.1
759;mental_health_rating;8
415;age;22
836;study_hours_per_day;1.3
550;study_hours_per_day;6.8
173;mental_health_rating;7
699;exercise_frequency;5
877;study_hours_per_day;1.7
392;parental_education_level;High School
751;attendance_percentage;86.1
619;social_media_hours;1.2
749;exercise_frequency;4
183;exercise_frequency;2
783;age;18
384;age;22
884;age;20
402;parental_education_level;High School
403;parental_education_level;Bachelor
419;age;24
885;parental_education_level;Bachelor
511;exam_score;61.5
36;sleep_hours;3.9
870;age;23
882;attendance_percentage;100.0
817;exercise_frequency;1
210;netflix_hours;2.7
869;parental_education_level;High School
380;parental_education_level;High School
376;gender;Male
344;parental_education_level;Bachelor
479;sleep_hours;7.2
647;social_media_hours;1.4
368;study_hours_per_day;3.1
786;sleep_hours;5.4
812;attendance_percentage;98.6
819;attendance_percentage;99.4
870;sleep_hours;5.9
652;mental_health_rating;5
528;parental_education_level;High School
253;parental_education_level;High School
140;study_hours_per_day;3.5
138;age;19
254;exercise_frequency;1
789;sleep_hours;5.5
868;sleep_hours;7.0
507;attendance_percentage;72.2
888;exam_score;43.5
512;sleep_hours;5.0
395;exercise_frequency;4
541;age;20
114;sleep_hours;6.6
151;parental_education_level;High School
342;exam_score;36.0
249;gender;Male
796;study_hours_per_day;4.1
290;exercise_frequency;5
765;study_hours_per_day;0.7
640;sleep_hours;5.7
32;social_media_hours;4.9
358;social_media_hours;3.7
634;mental_health_rating;9
246;attendance_percentage;79.9
272;sleep_hours;6.1
446;sleep_hours;5.8
665;attendance_percentage;100.0
906;social_media_hours;1.0
610;parental_education_level;Bachelor
512;parental_education_level;Master
487;parental_education_level;Bachelor
141;gender;Male
501;gender;Female
521;attendance_percentage;92.3
811;mental_health_rating;2
714;social_media_hours;2.3
391;parental_education_level;Bachelor
657;attendance_percentage;75.8
203;study_hours_per_day;2.8
535;age;21
32;attendance_percentage;82.1
265;attendance_percentage;75.7
584;parental_education_level;High School
336;social_media_hours;3.6
580;attendance_percentage;75.2
582;netflix_hours;0.3
471;study_hours_per_day;5.0
275;parental_education_level;High School
85;parental_education_level;Bachelor
804;mental_health_rating;3
271;sleep_hours;6.8
26;mental_health_rating;4
300;study_hours_per_day;1.4
726;exam_score;65.5
154;parental_education_level;Bachelor
69;netflix_hours;0.0
851;attendance_percentage;97.7
241;exam_score;72.6
461;social_media_hours;3.5
628;gender;Female
26;age;22
69;exam_score;55.1
619;exam_score;55.4
532;exercise_frequency;3
339;parental_education_level;Bachelor
837;age;23
879;study_hours_per_day;4.6
703;mental_health_rating;4
619;sleep_hours;6.7
50;netflix_hours;3.6
726;exercise_frequency;1
336;parental_education_level;High School
277;netflix_hours;3.7
714;gender;Male
184;parental_education_level;Bachelor
307;parental_education_level;High School
871;attendance_percentage;69.3
18;social_media_hours;4.9
118;mental_health_rating;2
818;age;21
596;attendance_percentage;77.5
859;attendance_percentage;70.2
460;social_media_hours;3.1
706;netflix_hours;1.4
288;mental_health_rating;4
291;attendance_percentage;80.3
25;mental_health_rating;2
650;exam_score;49.9
781;exercise_frequency;1
638;mental_health_rating;8
57;social_media_hours;2.2
248;mental_health_rating;10
208;attendance_percentage;84.1
676;attendance_percentage;74.9
64;age;20
581;mental_health_rating;2
395;gender;Female
35;mental_health_rating;4
393;exercise_frequency;2
278;social_media_hours;3.4
674;gender;Female
262;age;23
856;attendance_percentage;61.0
861;exam_score;50.8
782;netflix_hours;0.2
290;parental_education_level;High School
671;netflix_hours;1.7
337;exercise_frequency;2
241;mental_health_rating;1
180;attendance_percentage;88.9
847;mental_health_rating;8
611;mental_health_rating;6
638;age;21
856;parental_education_level;Bachelor
687;social_media_hours;3.3
532;study_hours_per_day;5.0
97;netflix_hours;3.1
547;age;24
146;sleep_hours;5.1
756;social_media_hours;1.4
848;gender;Male
406;mental_health_rating;1
802;study_hours_per_day;2.7
607;netflix_hours;2.3
627;parental_education_level;High School
677;mental_health_rating;6
472;gender;Male
728;age;22
557;exam_score;85.7
142;sleep_hours;6.3
826;age;23
498;netflix_hours;2.3
407;social_media_hours;2.3
420;age;19
640;age;24
250;netflix_hours;3.0
809;exercise_frequency;5
218;mental_health_rating;5
802;social_media_hours;1.8
371;parental_education_level;Bachelor
57;study_hours_per_day;6.7
260;study_hours_per_day;4.5
193;age;23
541;parental_education_level;Bachelor
90;social_media_hours;1.0
246;age;18
349;social_media_hours;2.6
904;netflix_hours;2.9
154;netflix_hours;0.6
432;study_hours_per_day;2.2
340;age;23
113;sleep_hours;7.2
341;social_media_hours;3.1
443;attendance_percentage;85.3
779;mental_health_rating;5
272;exam_score;27.6
712;attendance_percentage;77.3
68;mental_health_rating;2
168;attendance_percentage;71.2
557;study_hours_per_day;3.8
564;attendance_percentage;95.5
750;exercise_frequency;5
403;gender;Male
518;exam_score;60.4
71;age;18
321;sleep_hours;5.8
403;exam_score;76.1
572;study_hours_per_day;5.5
603;parental_education_level;High School
666;exercise_frequency;1
91;parental_education_level;High School
854;exercise_frequency;3
423;study_hours_per_day;1.3
554;social_media_hours;2.3
334;mental_health_rating;5
510;age;23
592;study_hours_per_day;5.9
465;gender;Other
230;study_hours_per_day;3.0
59;netflix_hours;2.6
762;age;24
871;exercise_frequency;6
531;exercise_frequency;3
771;netflix_hours;1.8
592;attendance_percentage;96.9
643;gender;Male
364;parental_education_level;High School
610;sleep_hours;5.6
377;exam_score;78.0
742;mental_health_rating;1
479;age;18
265;sleep_hours;8.8
790;social_media_hours;2.5
312;sleep_hours;7.6
134;gender;Female
358;age;17
566;study_hours_per_day;4.6
397;exercise_frequency;1
515;gender;Male
199;exercise_frequency;6
545;mental_health_rating;6
822;netflix_hours;0.7
820;sleep_hours;5.8
423;mental_health_rating;5
699;study_hours_per_day;4.2
196;gender;Male
6;netflix_hours;0.0
807;netflix_hours;1.7
666;exam_score;50.1
324;exercise_frequency;5
95;netflix_hours;3.4
335;study_hours_per_day;2.1
131;age;17
773;netflix_hours;0.7
727;study_hours_per_day;4.5
598;parental_education_level;Master
516;sleep_hours;8.0
815;study_hours_per_day;2.8
737;social_media_hours;4.9
479;study_hours_per_day;3.8
228;exam_score;51.0
688;exam_score;75.4
795;exercise_frequency;0
647;sleep_hours;6.1
81;mental_health_rating;4
296;netflix_hours;1.4
627;social_media_hours;4.0
761;netflix_hours;0.9
623;gender;Male
336;netflix_hours;1.2
20;exam_score;58.5
474;exercise_frequency;1
901;social_media_hours;2.1
461;mental_health_rating;5
89;sleep_hours;4.1
168;mental_health_rating;5
318;netflix_hours;2.2
531;exam_score;62.8
237;mental_health_rating;7
642;exam_score;58.1
446;exercise_frequency;3
358;study_hours_per_day;4.6
558;sleep_hours;6.5
12;age;19
243;exam_score;49.1
286;mental_health_rating;10
720;parental_education_level;Bachelor
628;study_hours_per_day;2.5
351;exercise_frequency;4
651;attendance_percentage;76.9
900;sleep_hours;6.5
47;netflix_hours;2.3
84;parental_education_level;Master
560;exercise_frequency;1
601;exercise_frequency;3
591;sleep_hours;6.2
614;netflix_hours;3.2
544;gender;Female
732;attendance_percentage;67.3
747;age;23
75;parental_education_level;Master
204;social_media_hours;2.9
101;mental_health_rating;9
431;attendance_percentage;69.7
741;sleep_hours;6.9
386;study_hours_per_day;2.0
177;mental_health_rating;6
183;exam_score;61.6
712;gender;Male
422;age;18
38;exercise_frequency;1
758;sleep_hours;5.1
519;age;18
398;exam_score;26.2
304;exercise_frequency;6
112;gender;Male
270;gender;Female
262;gender;Male
576;social_media_hours;1.4
367;parental_education_level;Master
266;study_hours_per_day;5.4
337;social_media_hours;3.0
822;exercise_frequency;1
49;parental_education_level;High School
40;sleep_hours;7.2
676;study_hours_per_day;1.1
796;exercise_frequency;4
858;exercise_frequency;0
621;age;21
195;attendance_percentage;92.5
50;age;19
491;exercise_frequency;2
444;parental_education_level;High School
715;mental_health_rating;4
761;age;23
859;exam_score;63.2
794;parental_education_level;Master
179;parental_education_level;Bachelor
458;gender;Female
444;mental_health_rating;1
293;sleep_hours;6.0
150;social_media_hours;2.5
55;exercise_frequency;1
135;study_hours_per_day;3.5
287;study_hours_per_day;3.3
698;parental_education_level;Bachelor
11;mental_health_rating;1
350;attendance_percentage;69.9
379;exam_score;73.7
433;gender;Female
503;gender;Female
562;attendance_percentage;84.4
642;parental_education_level;High School
750;exam_score;87.5
755;parental_education_level;Bachelor
427;exam_score;59.7
230;gender;Female
15;exercise_frequency;6
720;age;17
30;parental_education_level;Master
94;attendance_percentage;92.2
148;social_media_hours;3.0
625;mental_health_rating;5
730;exercise_frequency;1
564;exercise_frequency;0
131;study_hours_per_day;5.0
693;netflix_hours;1.5
663;study_hours_per_day;2.8
75;social_media_hours;2.0
890;sleep_hours;5.2
120;study_hours_per_day;4.1
562;exam_score;61.4
108;exercise_frequency;3
885;age;18
327;parental_education_level;High School
317;gender;Male
12;social_media_hours;2.1
169;mental_health_rating;5
702;parental_education_level;Bachelor
21;parental_education_level;High School
647;age;24
188;parental_education_level;High School
392;exam_score;52.4
549;exercise_frequency;6
341;parental_education_level;High School
9;exercise_frequency;3
416;netflix_hours;2.6
683;sleep_hours;5.7
297;exercise_frequency;0
490;attendance_percentage;83.2
368;netflix_hours;0.4
514;age;24
27;attendance_percentage;88.1
846;study_hours_per_day;1.8
805;exam_score;100.0
537;study_hours_per_day;4.5
636;attendance_percentage;87.3
705;gender;Other
57;sleep_hours;6.7
816;exam_score;70.8
217;study_hours_per_day;3.8
793;sleep_hours;4.9
97;sleep_hours;7.5
213;sleep_hours;6.3
148;exercise_frequency;5
306;parental_education_level;High School
230;social_media_hours;3.5
544;mental_health_rating;2
463;mental_health_rating;3
853;gender;Male
585;study_hours_per_day;1.2
33;exercise_frequency;1
389;study_hours_per_day;4.5
57;attendance_percentage;84.5
118;study_hours_per_day;1.8
815;mental_health_rating;5
500;exercise_frequency;5
302;mental_health_rating;5
702;mental_health_rating;3
266;mental_health_rating;5
655;parental_education_level;Bachelor
426;age;20
739;attendance_percentage;72.7
373;exam_score;82.4
743;sleep_hours;3.6
207;attendance_percentage;64.3
442;exercise_frequency;3
527;social_media_hours;3.1
81;attendance_percentage;84.4
127;study_hours_per_day;3.1
778;sleep_hours;5.8
804;netflix_hours;2.8
539;mental_health_rating;6
837;exercise_frequency;5
467;exercise_frequency;5
76;sleep_hours;5.5
354;exam_score;59.8
516;exam_score;61.8
746;gender;Female
421;attendance_percentage;93.0
605;sleep_hours;7.0
905;parental_education_level;High School
690;exercise_frequency;0
751;parental_education_level;Bachelor
741;netflix_hours;3.4
897;attendance_percentage;85.8
610;social_media_hours;4.4
668;attendance_percentage;100.0
90;study_hours_per_day;5.3
855;age;21
63;sleep_hours;5.7
208;mental_health_rating;1
78;study_hours_per_day;3.2
670;age;20
395;mental_health_rating;2
613;attendance_percentage;100.0
