riga;nome attributo;valore da imputare;valore imputato
2758;motion;0;0
1610;motion;0;0
1164;lpg;0.0069;0.0077
856;temp;22.5;22.7
2545;co;0.0042;?
1761;co;0.0042;0.005
2732;device;b8:27:eb:bf:9d:51;b8:27:eb:bf:9d:51
879;smoke;0.021;?
433;co;0.005;0.005
2224;temp;22.5;?
1296;smoke;0.021;?
259;motion;0;0
1037;device;b8:27:eb:bf:9d:51;b8:27:eb:bf:9d:51
868;humidity;76.0;?
1587;lpg;0.006999999999999999;0.0077
455;smoke;0.018000000000000002;0.02
2466;device;1c:bf:ce:15:ec:4d;?
2961;co;0.0049;?
536;motion;0;0
1602;humidity;51.3;?
603;lpg;0.0051;0.0051
2526;co;0.0025;?
2523;co;0.005;0.005
2890;motion;0;0
2694;temp;26.7;?
2908;device;b8:27:eb:bf:9d:51;b8:27:eb:bf:9d:51
2950;motion;0;0
1940;motion;0;0
701;light;0;0
1503;lpg;0.0048;?
576;co;0.0051;0.005
954;device;b8:27:eb:bf:9d:51;b8:27:eb:bf:9d:51
1913;motion;0;0
2123;smoke;0.018000000000000002;?
295;humidity;49.9;?
1018;humidity;51.1;?
489;lpg;0.0077;0.0077
2023;light;0;?
1639;temp;19.8;6.8
150;co;0.005;0.005
2505;smoke;0.012;?
2805;device;b8:27:eb:bf:9d:51;?
1969;motion;0;0
814;smoke;0.013000000000000001;0.013999999999999999
2075;co;0.0043;0.005
2687;device;00:0f:00:70:91:0a;?
2429;smoke;0.012;?
967;motion;0;0
2177;humidity;51.2;?
1091;lpg;0.0077;0.0077
2615;motion;0;0
1775;smoke;0.021;?
335;device;b8:27:eb:bf:9d:51;b8:27:eb:bf:9d:51
1880;co;0.005;0.005
2501;device;b8:27:eb:bf:9d:51;b8:27:eb:bf:9d:51
877;temp;27.0;27.0
1757;motion;0;0
2574;device;00:0f:00:70:91:0a;?
1350;light;1;1
1845;light;1;1
1419;lpg;0.0068;0.0077
1017;lpg;0.006999999999999999;0.0077
1716;co;0.0051;?
1778;co;0.005;0.005
1483;co;0.005;0.005
807;lpg;0.0051;0.0051
827;light;0;0
770;humidity;50.8;?
1731;co;0.005;0.005
2677;device;b8:27:eb:bf:9d:51;b8:27:eb:bf:9d:51
2127;device;b8:27:eb:bf:9d:51;b8:27:eb:bf:9d:51
1029;light;0;?
1055;smoke;0.019;0.02
2892;temp;26.7;?
1977;humidity;50.9;?
238;smoke;0.02;?
250;co;0.005;0.005
1962;motion;0;0
1938;device;00:0f:00:70:91:0a;?
2608;lpg;0.0077;?
1382;temp;19.8;6.8
2433;device;00:0f:00:70:91:0a;?
302;device;00:0f:00:70:91:0a;?
1297;humidity;76.1;?
1198;motion;0;0
2553;device;1c:bf:ce:15:ec:4d;?
1746;smoke;0.018000000000000002;0.02
57;lpg;0.0076;0.0077
1235;device;b8:27:eb:bf:9d:51;b8:27:eb:bf:9d:51
1027;lpg;0.0077;0.0077
2550;humidity;76.1;?
372;humidity;74.7;?
2612;co;0.0025;0.0029
27;smoke;0.019;0.02
476;co;0.005;0.005
579;humidity;50.7;?
659;motion;0;0
2446;lpg;0.0046;?
998;motion;0;0
2079;temp;22.3;22.7
2663;co;0.005;?
969;lpg;0.0069;0.0077
859;lpg;0.0078;0.0077
1006;light;0;?
492;smoke;0.021;?
7;co;0.005;0.005
2722;device;1c:bf:ce:15:ec:4d;?
403;humidity;74.7;?
1468;smoke;0.018000000000000002;0.02
2091;light;0;?
2756;co;0.0024;?
345;smoke;0.02;?
1361;temp;19.8;6.8
225;light;0;0
582;device;1c:bf:ce:15:ec:4d;1c:bf:ce:15:ec:4d
1664;lpg;0.0077;0.0077
1983;humidity;75.4;?
2481;smoke;0.018000000000000002;?
1004;temp;22.6;22.7
2007;humidity;78.0;?
2630;temp;19.8;6.8
1092;humidity;78.0;?
2559;humidity;51.3;?
2903;device;00:0f:00:70:91:0a;?
1670;motion;0;0
372;co;0.0028;0.0029
1896;light;0;?
1966;co;0.0042;0.005
2906;lpg;0.0045;?
864;co;0.0027;0.0029
1394;motion;0;0
1585;smoke;0.012;0.013999999999999999
1645;device;00:0f:00:70:91:0a;?
2189;device;b8:27:eb:bf:9d:51;b8:27:eb:bf:9d:51
1747;co;0.005;0.005
1408;co;0.005;0.005
1679;motion;0;0
1261;motion;0;0
458;co;0.005;0.005
1941;light;1;1
2231;temp;22.5;22.7
1811;motion;0;0
2370;co;0.0043;0.005
37;smoke;0.019;0.02
898;light;0;?
661;humidity;50.5;?
765;co;0.0027;?
2109;smoke;0.018000000000000002;0.02
2291;smoke;0.018000000000000002;0.02
1032;lpg;0.0071;0.0077
2658;device;00:0f:00:70:91:0a;?
2949;lpg;0.0045;?
584;light;0;0
287;temp;22.6;22.7
2736;lpg;0.0045;0.0051
2720;smoke;0.02;?
523;device;00:0f:00:70:91:0a;?
388;humidity;74.9;?
1232;device;b8:27:eb:bf:9d:51;b8:27:eb:bf:9d:51
2369;device;00:0f:00:70:91:0a;?
2446;humidity;76.3;?
653;co;0.005;0.005
2637;motion;0;0
1872;temp;26.9;27.0
1469;co;0.005;0.005
464;smoke;0.013000000000000001;0.013999999999999999
167;temp;22.6;22.7
1219;temp;22.7;22.7
967;smoke;0.012;0.013999999999999999
2766;lpg;0.0077;?
1667;device;00:0f:00:70:91:0a;00:0f:00:70:91:0a
1604;light;0;?
1485;temp;19.8;6.8
1251;motion;0;0
1876;temp;26.8;27.0
2033;device;b8:27:eb:bf:9d:51;?
1521;smoke;0.018000000000000002;0.02
716;co;0.005;0.005
533;smoke;0.013000000000000001;0.013999999999999999
2102;temp;19.6;6.8
984;light;1;1
319;temp;22.5;22.7
812;device;1c:bf:ce:15:ec:4d;?
1916;smoke;0.018000000000000002;0.02
136;co;0.005;0.005
1862;motion;0;0
1560;temp;22.7;22.7
1350;motion;0;0
762;lpg;0.005;?
1196;motion;0;0
1060;smoke;0.021;?
2294;light;0;?
664;temp;22.3;22.7
1053;device;00:0f:00:70:91:0a;?
2833;motion;0;0
1668;motion;0;0
104;light;0;0
66;humidity;76.0;?
255;device;b8:27:eb:bf:9d:51;b8:27:eb:bf:9d:51
1935;light;1;1
1158;lpg;0.0078;0.0077
1586;light;0;?
1628;smoke;0.012;0.013999999999999999
129;motion;0;0
2845;motion;0;0
2786;co;0.0049;?
1594;smoke;0.018000000000000002;0.02
758;smoke;0.019;0.02
303;temp;22.5;22.7
2078;temp;26.8;27.0
293;light;1;1
773;device;00:0f:00:70:91:0a;?
912;device;00:0f:00:70:91:0a;?
956;device;b8:27:eb:bf:9d:51;b8:27:eb:bf:9d:51
746;temp;27.0;27.0
1765;light;0;0
2310;lpg;0.0068;0.0077
1032;smoke;0.019;0.02
425;device;00:0f:00:70:91:0a;00:0f:00:70:91:0a
2001;lpg;0.0047;?
91;temp;22.7;22.7
1586;device;b8:27:eb:bf:9d:51;b8:27:eb:bf:9d:51
756;lpg;0.0051;?
460;light;0;?
2657;lpg;0.0068;?
1449;device;b8:27:eb:bf:9d:51;b8:27:eb:bf:9d:51
381;motion;0;0
1829;humidity;48.9;?
1980;smoke;0.021;?
91;lpg;0.0077;0.0077
355;device;b8:27:eb:bf:9d:51;?
852;temp;27.0;27.0
651;light;0;0
1434;smoke;0.021;?
2613;light;1;?
826;co;0.0042;0.005
503;humidity;49.4;?
2624;temp;22.6;22.7
836;co;0.0043;0.005
2028;temp;19.5;6.8
386;co;0.005;0.005
267;temp;22.6;22.7
693;humidity;50.6;?
457;temp;19.5;6.8
1185;smoke;0.019;0.02
201;lpg;0.0077;0.0077
357;smoke;0.018000000000000002;0.02
2327;motion;0;0
2314;smoke;0.021;?
2892;smoke;0.018000000000000002;?
170;motion;0;0
441;humidity;48.8;?
2982;lpg;0.0068;?
1839;temp;22.1;22.7
1776;light;0;?
227;lpg;0.0051;0.0051
1511;motion;0;0
1831;light;1;1
945;motion;0;0
2587;temp;26.8;?
2379;co;0.0025;?
1291;light;0;0
1675;lpg;0.0048;?
154;humidity;51.0;?
2639;smoke;0.012;?
276;humidity;75.1;?
582;motion;0;0
161;temp;22.6;22.7
1044;device;1c:bf:ce:15:ec:4d;1c:bf:ce:15:ec:4d
837;humidity;51.2;?
1811;light;1;1
916;light;1;1
1852;motion;0;0
1739;device;b8:27:eb:bf:9d:51;b8:27:eb:bf:9d:51
101;humidity;51.0;?
1530;lpg;0.0077;0.0077
1021;humidity;77.8;?
237;lpg;0.0077;0.0077
787;co;0.0051;0.005
194;co;0.0043;0.005
189;temp;27.0;27.0
1428;light;0;?
2292;temp;19.7;6.8
2254;humidity;76.1;?
2651;lpg;0.0046;0.0051
1084;temp;19.7;6.8
1201;light;0;?
2859;device;b8:27:eb:bf:9d:51;?
92;smoke;0.019;0.02
713;temp;27.0;27.0
502;humidity;49.3;?
191;device;00:0f:00:70:91:0a;?
668;co;0.0051;0.005
819;humidity;78.3;?
2024;temp;22.2;22.6
2673;smoke;0.012;0.013999999999999999
1968;humidity;77.9;?
2914;co;0.0041;?
903;motion;0;0
981;lpg;0.0078;0.0077
170;co;0.0028;0.0029
1769;lpg;0.0077;0.0077
565;temp;22.1;?
1189;device;b8:27:eb:bf:9d:51;b8:27:eb:bf:9d:51
420;humidity;78.1;?
1014;motion;0;0
1702;smoke;0.02;?
320;lpg;0.0069;0.0077
2251;device;b8:27:eb:bf:9d:51;b8:27:eb:bf:9d:51
2432;humidity;51.3;?
1102;temp;22.6;22.7
1285;co;0.0043;0.005
237;temp;22.7;22.7
1655;temp;22.6;22.7
2469;temp;26.8;?
656;lpg;0.006999999999999999;0.0077
2835;smoke;0.02;?
2344;co;0.0026;?
2301;smoke;0.02;?
2476;device;00:0f:00:70:91:0a;?
2735;light;0;?
2822;temp;22.6;22.7
1666;device;1c:bf:ce:15:ec:4d;1c:bf:ce:15:ec:4d
384;motion;0;0
2679;humidity;76.5;?
1697;co;0.005;0.005
585;motion;0;0
2450;smoke;0.012;?
1919;lpg;0.0077;0.0077
1170;motion;0;0
1873;light;0;0
1509;humidity;76.4;?
642;device;1c:bf:ce:15:ec:4d;?
2892;lpg;0.0069;0.0077
1308;device;00:0f:00:70:91:0a;?
1646;temp;22.6;22.7
194;humidity;78.2;?
773;co;0.0028;0.0029
1798;device;00:0f:00:70:91:0a;?
2987;co;0.0049;?
283;lpg;0.0051;0.0051
802;co;0.0051;0.005
1332;temp;19.8;6.8
2627;lpg;0.0077;0.0077
2443;device;00:0f:00:70:91:0a;?
1454;light;0;?
2894;co;0.0024;0.0029
816;lpg;0.0069;0.0077
644;device;00:0f:00:70:91:0a;?
2315;lpg;0.0047;0.0051
502;smoke;0.021;?
1199;lpg;0.0069;0.0077
1208;humidity;77.8;?
2190;motion;0;0
1678;device;b8:27:eb:bf:9d:51;?
573;humidity;78.3;?
772;humidity;50.8;?
2983;motion;0;0
477;co;0.0043;0.005
2372;humidity;75.9;?
2653;co;0.0042;?
238;co;0.005;0.005
2314;motion;0;0
2052;motion;0;0
1885;motion;0;0
1743;co;0.0042;0.005
2583;light;0;0
1793;motion;0;0
2838;light;0;?
2750;motion;0;0
975;device;00:0f:00:70:91:0a;?
1203;co;0.0026;0.0029
1437;light;0;?
795;motion;0;0
2087;smoke;0.021;?
2977;smoke;0.018000000000000002;?
2080;lpg;0.0067;0.0077
479;lpg;0.0077;0.0077
864;temp;19.6;6.8
2436;motion;0;0
2520;light;1;?
2589;smoke;0.012;0.013999999999999999
1179;co;0.0043;0.005
570;motion;0;0
639;motion;0;0
265;temp;19.7;6.8
611;device;1c:bf:ce:15:ec:4d;1c:bf:ce:15:ec:4d
1728;co;0.0042;0.005
923;device;1c:bf:ce:15:ec:4d;1c:bf:ce:15:ec:4d
411;device;b8:27:eb:bf:9d:51;b8:27:eb:bf:9d:51
2414;temp;26.8;?
1558;co;0.0043;0.005
2641;smoke;0.018000000000000002;?
1693;humidity;49.9;?
1516;humidity;76.4;?
2623;co;0.005;0.005
2394;co;0.005;?
2248;humidity;51.3;?
2062;humidity;75.5;?
1589;temp;26.9;27.0
2848;humidity;51.3;?
335;lpg;0.0077;0.0077
1745;co;0.0026;0.0029
489;device;b8:27:eb:bf:9d:51;b8:27:eb:bf:9d:51
228;smoke;0.018000000000000002;0.02
366;co;0.0043;0.005
2080;light;1;1
1411;lpg;0.0077;0.0077
1931;co;0.0042;0.005
746;motion;0;0
774;device;b8:27:eb:bf:9d:51;b8:27:eb:bf:9d:51
2150;co;0.005;0.005
2606;motion;0;0
1740;co;0.0042;0.005
2767;humidity;76.4;?
541;humidity;50.8;?
1879;co;0.0026;0.0029
656;device;1c:bf:ce:15:ec:4d;1c:bf:ce:15:ec:4d
1128;smoke;0.021;?
132;smoke;0.021;0.02
735;co;0.0051;0.005
379;co;0.0043;0.005
122;light;0;0
698;temp;22.3;22.7
15;device;b8:27:eb:bf:9d:51;b8:27:eb:bf:9d:51
1358;motion;0;0
2959;smoke;0.012;?
2224;motion;0;0
489;co;0.005;0.005
1249;device;b8:27:eb:bf:9d:51;b8:27:eb:bf:9d:51
59;humidity;50.9;?
2497;light;0;0
19;temp;27.0;27.0
1544;smoke;0.018000000000000002;0.02
2163;light;0;?
1719;lpg;0.0068;0.0077
2947;device;1c:bf:ce:15:ec:4d;1c:bf:ce:15:ec:4d
1345;lpg;0.0048;0.0051
1233;humidity;75.9;?
2604;device;b8:27:eb:bf:9d:51;b8:27:eb:bf:9d:51
2235;temp;22.5;22.7
636;smoke;0.021;?
2229;device;00:0f:00:70:91:0a;00:0f:00:70:91:0a
1358;humidity;51.1;?
2897;device;00:0f:00:70:91:0a;?
1661;device;00:0f:00:70:91:0a;?
616;lpg;0.0077;0.0077
1593;humidity;51.3;?
733;temp;27.0;27.0
1437;lpg;0.0048;0.0051
1871;lpg;0.0077;0.0077
1194;device;00:0f:00:70:91:0a;?
2460;humidity;76.2;?
2783;light;0;?
1650;motion;0;0
1780;motion;0;0
1832;motion;0;0
140;smoke;0.021;?
1169;smoke;0.021;?
905;motion;0;0
392;lpg;0.0077;0.0077
2105;humidity;75.6;?
2335;humidity;77.6;?
73;temp;22.6;22.7
1147;temp;26.9;27.0
1040;co;0.005;0.005
1186;temp;19.7;6.8
1664;humidity;51.1;?
1650;light;1;1
1075;co;0.005;0.005
1278;lpg;0.0077;0.0077
1854;humidity;78.1;?
1537;smoke;0.018000000000000002;0.02
200;motion;0;0
2629;light;0;?
1330;lpg;0.0077;?
1851;humidity;78.0;?
1722;smoke;0.021;?
1725;device;b8:27:eb:bf:9d:51;b8:27:eb:bf:9d:51
2138;humidity;51.2;?
1168;humidity;76.1;?
2317;lpg;0.0068;0.0077
1029;lpg;0.0048;0.0051
2354;motion;0;0
1749;motion;0;0
1072;device;b8:27:eb:bf:9d:51;b8:27:eb:bf:9d:51
1708;device;b8:27:eb:bf:9d:51;b8:27:eb:bf:9d:51
1234;motion;0;0
2367;humidity;51.3;?
1772;humidity;78.7;?
824;device;00:0f:00:70:91:0a;?
715;light;0;0
3000;light;1;?
2908;co;0.0049;?
2508;light;0;?
1474;motion;0;0
1016;lpg;0.0048;0.0051
2455;lpg;0.0068;0.0077
805;light;0;0
1872;device;1c:bf:ce:15:ec:4d;1c:bf:ce:15:ec:4d
28;temp;22.6;22.7
184;motion;0;0
354;device;1c:bf:ce:15:ec:4d;1c:bf:ce:15:ec:4d
1620;motion;0;0
1476;temp;26.9;27.0
79;co;0.0045;0.005
1795;lpg;0.0048;0.0051
2329;temp;26.8;?
2229;co;0.0025;0.0029
2623;smoke;0.02;?
2687;humidity;76.5;?
141;motion;0;0
1774;lpg;0.0077;0.0077
1075;lpg;0.0077;0.0077
1509;motion;0;0
1541;co;0.0043;0.005
624;smoke;0.021;?
860;device;00:0f:00:70:91:0a;?
111;temp;19.8;6.8
2034;motion;0;0
2254;co;0.0025;0.0029
2507;humidity;51.3;?
2433;humidity;76.2;?
542;temp;27.0;27.0
1357;temp;26.9;27.0
1563;smoke;0.021;?
2906;motion;0;0
1071;humidity;78.2;?
76;motion;0;0
1579;light;0;0
1729;device;b8:27:eb:bf:9d:51;b8:27:eb:bf:9d:51
139;lpg;0.0051;0.0051
2837;light;1;1
1730;light;0;?
1752;light;1;1
1370;co;0.005;0.005
681;motion;0;0
1385;device;00:0f:00:70:91:0a;?
2421;temp;26.8;?
1071;light;1;1
1952;smoke;0.012;0.013999999999999999
1684;humidity;78.1;?
563;temp;22.1;22.7
399;lpg;0.0077;0.0077
1654;device;1c:bf:ce:15:ec:4d;1c:bf:ce:15:ec:4d
1584;smoke;0.021;?
2589;humidity;76.4;?
2847;co;0.0024;0.0029
734;motion;0;0
2726;humidity;51.3;?
2659;smoke;0.02;?
2841;humidity;51.3;?
827;temp;19.6;6.8
1174;device;00:0f:00:70:91:0a;?
1355;light;0;?
1423;smoke;0.018000000000000002;0.02
33;device;1c:bf:ce:15:ec:4d;1c:bf:ce:15:ec:4d
2701;lpg;0.0046;?
793;device;00:0f:00:70:91:0a;?
974;temp;22.6;22.7
1488;lpg;0.0048;0.0051
919;smoke;0.013000000000000001;0.013999999999999999
2470;motion;0;0
1732;light;0;?
585;humidity;78.3;?
740;humidity;77.9;?
2332;motion;0;0
250;humidity;51.1;?
878;co;0.005;0.005
1198;humidity;51.1;?
2079;light;0;0
2731;temp;22.6;22.7
1573;motion;0;0
2409;temp;22.6;22.7
1581;light;0;?
146;motion;0;0
2590;co;0.0043;0.005
674;device;b8:27:eb:bf:9d:51;b8:27:eb:bf:9d:51
1119;lpg;0.0069;0.0077
2719;humidity;51.3;?
2064;lpg;0.0048;0.0051
496;humidity;78.2;?
797;co;0.005;0.005
314;device;b8:27:eb:bf:9d:51;b8:27:eb:bf:9d:51
1471;lpg;0.0077;0.0077
158;temp;27.0;27.0
2613;device;1c:bf:ce:15:ec:4d;?
262;smoke;0.013000000000000001;0.013999999999999999
2121;motion;0;0
2262;smoke;0.012;?
1557;motion;0;0
175;humidity;78.0;?
715;temp;19.6;6.8
510;temp;27.0;27.0
2572;humidity;51.3;?
156;lpg;0.0051;0.0051
864;light;0;0
1287;humidity;51.1;?
1797;lpg;0.0077;0.0077
1778;motion;0;0
1608;humidity;77.6;?
930;humidity;51.1;?
2261;smoke;0.018000000000000002;0.02
454;smoke;0.013000000000000001;0.013999999999999999
2831;lpg;0.0077;?
724;lpg;0.0078;0.0077
1672;co;0.0026;0.0029
1580;temp;26.9;27.0
2472;smoke;0.021;?
2057;motion;0;0
2566;co;0.0025;0.0029
2853;light;0;?
1915;co;0.005;0.005
2636;co;0.0024;?
302;light;0;0
1531;temp;26.9;27.0
1514;temp;22.7;22.7
2329;humidity;77.6;?
2307;motion;0;0
931;co;0.0027;0.0029
1687;humidity;50.2;?
1366;lpg;0.0048;0.0051
2797;co;0.0024;0.0029
1026;smoke;0.012;0.013999999999999999
651;smoke;0.021;?
2298;temp;19.7;6.8
1594;co;0.0043;0.005
561;motion;0;0
634;co;0.0028;0.0029
346;temp;19.6;6.8
157;light;0;0
1470;device;00:0f:00:70:91:0a;?
831;humidity;51.2;?
2395;smoke;0.012;?
412;humidity;74.8;?
2608;smoke;0.02;?
769;light;1;1
1426;smoke;0.018000000000000002;0.02
2394;lpg;0.0077;?
749;smoke;0.018000000000000002;0.02
1131;temp;26.9;?
221;humidity;78.0;?
2304;humidity;77.6;?
844;co;0.005;0.005
2557;lpg;0.0046;?
297;lpg;0.0051;0.0051
1646;smoke;0.021;?
1129;temp;19.7;6.8
2029;humidity;51.4;?
1584;temp;22.7;?
1338;co;0.0026;0.0029
2459;motion;0;0
949;smoke;0.013000000000000001;0.013999999999999999
2680;co;0.005;0.0051
2788;co;0.0024;0.0029
1660;lpg;0.0068;0.0077
1304;device;b8:27:eb:bf:9d:51;b8:27:eb:bf:9d:51
1343;co;0.0043;0.005
2836;lpg;0.0077;?
1546;temp;26.9;27.0
874;smoke;0.018000000000000002;0.02
1697;humidity;49.9;?
843;light;1;1
695;motion;0;0
1528;motion;0;0
2162;device;b8:27:eb:bf:9d:51;b8:27:eb:bf:9d:51
2189;humidity;51.2;?
2392;motion;0;0
1664;temp;22.6;22.6
250;motion;0;0
308;light;1;1
311;light;0;?
1622;temp;26.9;27.0
932;co;0.005;0.005
864;humidity;75.8;?
1098;temp;22.6;22.7
379;smoke;0.018000000000000002;0.02
2200;lpg;0.0077;0.0077
1895;temp;22.0;?
1167;smoke;0.018000000000000002;0.02
1838;temp;19.6;?
2229;temp;19.7;6.8
15;smoke;0.02;0.02
96;humidity;51.0;?
935;light;0;0
548;humidity;50.8;?
1281;motion;0;0
80;lpg;0.0051;0.0051
2806;lpg;0.0068;0.0077
2859;temp;22.7;?
2304;lpg;0.0068;0.0077
2812;temp;19.8;6.8
2744;temp;22.6;22.7
207;temp;22.6;22.7
127;temp;19.8;6.8
2859;humidity;51.4;?
1874;motion;0;0
2616;humidity;76.7;?
1494;co;0.0045;0.005
2886;light;0;?
435;light;0;0
2624;motion;0;0
2270;lpg;0.0047;?
1672;lpg;0.0048;0.0051
1270;device;b8:27:eb:bf:9d:51;b8:27:eb:bf:9d:51
60;motion;0;0
2527;light;0;?
2038;device;b8:27:eb:bf:9d:51;b8:27:eb:bf:9d:51
229;temp;22.7;22.7
1209;light;0;0
536;smoke;0.013000000000000001;0.013999999999999999
695;temp;22.4;22.7
2911;humidity;51.3;?
799;humidity;51.1;?
540;co;0.0028;0.0029
154;smoke;0.021;0.02
2289;humidity;75.8;?
236;humidity;78.5;?
1545;humidity;51.2;?
1568;co;0.005;0.005
811;lpg;0.0049;0.0051
2362;smoke;0.012;0.013999999999999999
882;light;0;0
526;smoke;0.013000000000000001;0.013999999999999999
2794;co;0.0043;?
2798;temp;22.6;22.7
1494;temp;26.9;27.0
2384;light;1;1
2311;light;0;0
1701;temp;19.7;6.8
2807;co;0.0049;?
1390;light;1;1
300;light;0;0
2474;temp;26.8;?
871;temp;22.5;22.7
2226;temp;26.8;27.0
1076;humidity;51.1;?
565;humidity;50.5;?
2269;temp;26.8;27.0
1095;co;0.005;0.005
1031;motion;0;0
2188;motion;0;0
2749;device;00:0f:00:70:91:0a;?
2179;co;0.0025;0.0029
1403;device;b8:27:eb:bf:9d:51;b8:27:eb:bf:9d:51
171;light;0;?
725;smoke;0.013000000000000001;0.013999999999999999
2099;motion;0;0
137;motion;0;0
1328;device;1c:bf:ce:15:ec:4d;?
767;lpg;0.0071;0.0077
2620;smoke;0.021;?
1491;smoke;0.018000000000000002;0.02
2746;smoke;0.012;?
2260;motion;0;0
2338;device;1c:bf:ce:15:ec:4d;1c:bf:ce:15:ec:4d
2119;smoke;0.021;?
888;motion;0;0
730;lpg;0.0078;0.0077
119;temp;22.7;22.7
2323;light;1;1
1267;lpg;0.0068;0.0077
769;co;0.0045;0.005
20;light;0;?
240;co;0.0044;0.005
1175;co;0.005;0.005
1818;lpg;0.0068;0.0077
14;light;1;1
1345;light;0;?
95;humidity;76.0;?
1385;co;0.0026;0.0029
50;motion;0;0
170;device;00:0f:00:70:91:0a;?
2571;smoke;0.018000000000000002;?
2283;smoke;0.012;?
1200;lpg;0.0048;?
2458;motion;0;0
141;co;0.0045;0.005
1912;motion;0;0
915;lpg;0.0078;0.0077
529;lpg;0.0077;0.0077
1335;co;0.005;0.005
1649;light;0;?
958;lpg;0.0078;0.0077
994;co;0.005;0.005
910;co;0.005;0.005
752;motion;0;0
385;device;00:0f:00:70:91:0a;?
1418;co;0.0026;?
985;light;0;?
2937;motion;0;0
2998;smoke;0.02;?
203;smoke;0.021;?
1493;temp;19.8;6.8
2706;motion;0;0
952;humidity;51.1;?
285;motion;0;0
663;co;0.0027;0.0029
2792;smoke;0.012;?
179;lpg;0.0071;0.0077
1876;device;1c:bf:ce:15:ec:4d;1c:bf:ce:15:ec:4d
1947;humidity;78.1;?
1210;lpg;0.0048;?
306;device;1c:bf:ce:15:ec:4d;1c:bf:ce:15:ec:4d
2048;smoke;0.021;?
2760;smoke;0.018000000000000002;?
2910;lpg;0.0066;?
2796;light;1;?
2274;temp;22.5;22.7
435;humidity;48.8;?
1559;co;0.005;0.005
2474;motion;0;0
1236;co;0.005;0.005
1160;device;00:0f:00:70:91:0a;?
1081;humidity;51.2;?
1359;co;0.0027;0.0029
493;smoke;0.018000000000000002;0.02
809;light;1;1
1291;lpg;0.0078;0.0077
2486;co;0.0025;?
2682;motion;0;0
395;lpg;0.0069;0.0077
1411;light;0;?
2103;motion;0;0
270;light;0;0
1088;motion;0;0
1077;lpg;0.0048;0.0051
1883;smoke;0.021;?
1962;lpg;0.0077;0.0077
2688;lpg;0.0076;?
980;temp;19.6;?
2531;motion;0;0
476;light;0;?
374;motion;0;0
1191;humidity;51.1;?
2884;smoke;0.02;?
2292;device;00:0f:00:70:91:0a;?
2280;co;0.005;0.005
2269;co;0.0042;0.005
980;smoke;0.013000000000000001;?
250;smoke;0.02;0.02
2799;light;1;?
64;light;0;?
2193;light;0;?
1194;temp;19.7;6.8
326;smoke;0.013000000000000001;0.013999999999999999
570;humidity;50.6;?
207;humidity;51.0;?
1815;motion;0;0
2538;light;1;?
1781;light;1;1
1594;temp;26.9;27.0
1298;lpg;0.0077;0.0077
655;co;0.005;0.005
2311;motion;0;0
2827;light;0;?
1373;co;0.005;0.005
1559;temp;22.7;22.7
1438;smoke;0.018000000000000002;0.02
1660;smoke;0.018000000000000002;0.02
1449;temp;22.7;22.7
137;device;1c:bf:ce:15:ec:4d;?
568;motion;0;0
920;co;0.0042;0.005
1737;light;0;?
2344;humidity;76.1;?
2663;temp;22.6;22.6
893;humidity;51.1;?
179;humidity;78.2;?
994;humidity;51.1;?
1959;light;1;1
459;device;00:0f:00:70:91:0a;?
1133;motion;0;0
2049;device;00:0f:00:70:91:0a;?
1235;smoke;0.021;?
979;co;0.005;0.005
2876;light;0;?
590;motion;0;0
2543;smoke;0.02;?
1191;light;0;?
1857;co;0.0042;0.005
1421;co;0.0026;0.0029
1260;light;0;?
21;lpg;0.0052;0.0051
1292;device;1c:bf:ce:15:ec:4d;1c:bf:ce:15:ec:4d
1183;temp;19.6;6.8
2266;light;1;1
1470;motion;0;0
914;humidity;77.7;?
2925;motion;0;0
2143;humidity;75.6;?
2629;device;b8:27:eb:bf:9d:51;?
2735;humidity;51.3;?
2283;motion;0;0
769;device;1c:bf:ce:15:ec:4d;1c:bf:ce:15:ec:4d
118;temp;19.8;6.8
410;co;0.0028;0.0029
1838;device;00:0f:00:70:91:0a;?
838;temp;22.5;22.7
1560;humidity;51.2;?
748;humidity;51.0;?
6;smoke;0.019;0.02
1579;smoke;0.021;?
2963;lpg;0.0068;?
2408;co;0.005;?
556;lpg;0.0051;0.0051
418;motion;0;0
2146;temp;26.9;27.0
932;device;b8:27:eb:bf:9d:51;b8:27:eb:bf:9d:51
1625;co;0.005;0.005
2434;motion;0;0
1471;co;0.005;0.005
1212;motion;0;0
1777;motion;0;0
985;humidity;51.1;?
688;light;0;?
2491;device;b8:27:eb:bf:9d:51;b8:27:eb:bf:9d:51
700;smoke;0.018000000000000002;0.02
2199;co;0.0042;?
261;light;0;?
1458;temp;22.7;22.7
1614;lpg;0.0069;0.0077
775;temp;27.0;27.0
713;co;0.0043;0.005
1342;smoke;0.021;?
1069;humidity;51.1;?
2382;humidity;76.0;?
979;light;0;?
2331;motion;0;0
1963;temp;26.8;27.0
1269;humidity;76.2;?
226;light;0;?
660;humidity;75.5;?
1997;device;1c:bf:ce:15:ec:4d;?
83;smoke;0.013000000000000001;0.013999999999999999
2947;motion;0;0
1665;device;b8:27:eb:bf:9d:51;b8:27:eb:bf:9d:51
480;humidity;78.5;?
2232;humidity;75.8;?
995;light;0;?
1040;smoke;0.021;?
999;humidity;51.1;?
1332;co;0.0026;0.0029
2079;co;0.005;0.005
912;light;0;?
1082;humidity;78.7;?
1807;motion;0;0
2823;temp;26.7;?
2572;temp;22.6;22.7
10;light;0;0
526;temp;19.5;6.8
1131;humidity;77.7;?
2671;light;0;0
40;motion;0;0
2373;motion;0;0
2465;lpg;0.0077;?
2631;device;b8:27:eb:bf:9d:51;b8:27:eb:bf:9d:51
2185;temp;26.8;27.0
1908;device;b8:27:eb:bf:9d:51;b8:27:eb:bf:9d:51
28;motion;0;0
1188;co;0.0026;0.0029
1314;light;0;?
2542;smoke;0.012;0.013999999999999999
1233;smoke;0.012;0.013999999999999999
977;light;0;?
524;device;b8:27:eb:bf:9d:51;b8:27:eb:bf:9d:51
1982;temp;26.8;27.0
1466;device;00:0f:00:70:91:0a;?
2899;lpg;0.0076;0.0077
1622;smoke;0.018000000000000002;0.02
1578;device;00:0f:00:70:91:0a;?
1205;lpg;0.0077;0.0077
1319;lpg;0.0069;0.0077
2264;temp;22.5;22.7
838;device;b8:27:eb:bf:9d:51;b8:27:eb:bf:9d:51
529;smoke;0.021;?
1251;humidity;51.1;?
2274;smoke;0.02;?
883;light;0;?
2800;temp;22.7;22.7
2047;temp;22.3;22.7
1519;device;b8:27:eb:bf:9d:51;b8:27:eb:bf:9d:51
1593;device;b8:27:eb:bf:9d:51;b8:27:eb:bf:9d:51
1272;lpg;0.0078;0.0077
1646;lpg;0.0077;0.0077
76;humidity;78.2;?
926;smoke;0.021;?
2261;temp;26.8;27.0
203;co;0.005;0.005
1330;temp;22.6;?
377;humidity;74.8;?
379;device;1c:bf:ce:15:ec:4d;1c:bf:ce:15:ec:4d
722;device;b8:27:eb:bf:9d:51;b8:27:eb:bf:9d:51
634;motion;0;0
2157;temp;22.4;22.7
2151;motion;0;0
2174;motion;0;0
1412;smoke;0.02;?
1061;co;0.0027;0.0029
1392;light;0;0
2321;lpg;0.0077;0.0077
2294;device;b8:27:eb:bf:9d:51;b8:27:eb:bf:9d:51
1505;humidity;77.6;?
2851;co;0.005;?
1370;light;0;0
962;device;1c:bf:ce:15:ec:4d;1c:bf:ce:15:ec:4d
249;light;1;1
2159;temp;19.6;6.8
1999;light;0;0
2186;light;0;?
1910;co;0.005;0.005
1247;humidity;76.1;?
2706;lpg;0.0077;0.0077
2523;light;0;0
1203;motion;0;0
649;motion;0;0
2431;co;0.0042;?
2554;smoke;0.012;?
340;temp;19.7;6.8
490;device;1c:bf:ce:15:ec:4d;1c:bf:ce:15:ec:4d
2099;smoke;0.021;?
167;lpg;0.0077;0.0077
1192;temp;26.9;27.0
469;lpg;0.0051;0.0051
2126;co;0.0041;0.005
2605;lpg;0.0077;?
407;co;0.0028;?
1972;co;0.0026;?
2737;lpg;0.0077;0.0077
2535;humidity;76.2;?
2845;lpg;0.0077;0.0077
1484;humidity;77.7;?
1177;motion;0;0
2292;humidity;75.9;?
588;motion;0;0
885;lpg;0.005;?
57;motion;0;0
1908;co;0.005;0.005
2357;smoke;0.021;?
2616;lpg;0.006999999999999999;?
2251;temp;22.5;22.7
9;lpg;0.006999999999999999;0.0077
1919;device;b8:27:eb:bf:9d:51;b8:27:eb:bf:9d:51
2510;smoke;0.021;?
608;lpg;0.0077;0.0077
1630;co;0.0042;0.005
2406;humidity;76.4;?
1983;temp;19.5;6.8
418;lpg;0.0051;0.0051
211;device;00:0f:00:70:91:0a;?
2949;co;0.0024;?
56;smoke;0.019;0.02
2193;device;b8:27:eb:bf:9d:51;?
2238;light;0;0
1707;temp;26.8;27.0
1699;humidity;49.8;?
1114;motion;0;0
2650;lpg;0.0068;0.0077
2922;device;1c:bf:ce:15:ec:4d;?
979;device;b8:27:eb:bf:9d:51;b8:27:eb:bf:9d:51
753;light;0;0
1132;motion;0;0
1291;smoke;0.021;?
1656;humidity;77.7;?
898;smoke;0.013000000000000001;0.013999999999999999
2135;humidity;51.2;?
2213;co;0.0026;?
2856;device;1c:bf:ce:15:ec:4d;1c:bf:ce:15:ec:4d
899;device;b8:27:eb:bf:9d:51;b8:27:eb:bf:9d:51
232;light;1;1
1893;light;0;0
515;device;00:0f:00:70:91:0a;00:0f:00:70:91:0a
1925;humidity;49.9;?
2913;co;0.005;?
2723;device;00:0f:00:70:91:0a;00:0f:00:70:91:0a
1023;lpg;0.0049;0.0051
2904;smoke;0.017;?
158;humidity;77.9;?
1753;smoke;0.02;?
2968;co;0.0049;?
1125;lpg;0.0069;0.0077
2810;lpg;0.0068;?
654;device;1c:bf:ce:15:ec:4d;1c:bf:ce:15:ec:4d
365;humidity;74.7;?
964;co;0.0027;0.0029
1791;smoke;0.012;0.013999999999999999
2525;device;1c:bf:ce:15:ec:4d;?
198;humidity;78.1;?
1169;light;0;0
2533;co;0.0042;0.005
737;motion;0;0
2023;lpg;0.0048;0.0051
1775;light;0;0
631;co;0.005;0.005
649;smoke;0.013000000000000001;0.013999999999999999
826;temp;27.0;27.0
447;temp;22.1;22.7
2933;temp;22.7;22.7
2556;lpg;0.0068;0.0077
1992;light;0;0
2938;co;0.0049;?
2348;temp;26.8;?
750;humidity;50.9;?
400;lpg;0.0051;0.0051
2690;lpg;0.0076;?
1655;lpg;0.0077;0.0077
689;co;0.0051;0.005
534;lpg;0.0077;0.0077
413;humidity;48.9;?
1513;lpg;0.0077;0.0077
580;lpg;0.0051;0.0051
2429;humidity;76.2;?
1457;lpg;0.0077;0.0077
224;device;b8:27:eb:bf:9d:51;b8:27:eb:bf:9d:51
1039;smoke;0.012;0.013999999999999999
1405;smoke;0.021;?
2137;device;00:0f:00:70:91:0a;?
851;motion;0;0
1260;smoke;0.012;0.013999999999999999
1077;motion;0;0
2462;humidity;77.7;?
1364;temp;7.0;6.8
15;humidity;50.9;?
1713;light;0;?
2101;smoke;0.02;?
2575;smoke;0.021;?
127;co;0.0028;0.0029
2860;temp;19.9;?
1511;temp;22.7;22.7
2809;lpg;0.0076;?
2466;humidity;77.6;?
1967;smoke;0.02;?
2124;lpg;0.0077;0.0077
2817;temp;22.6;22.7
2116;smoke;0.012;?
2120;temp;26.8;?
439;light;1;1
1369;humidity;77.5;?
2816;smoke;0.018000000000000002;?
2291;lpg;0.0068;0.0077
1205;light;0;?
685;device;00:0f:00:70:91:0a;?
2045;smoke;0.021;?
2244;device;b8:27:eb:bf:9d:51;b8:27:eb:bf:9d:51
1933;device;00:0f:00:70:91:0a;?
298;smoke;0.02;0.02
2529;device;b8:27:eb:bf:9d:51;b8:27:eb:bf:9d:51
978;smoke;0.013000000000000001;0.013999999999999999
2120;co;0.0041;?
888;smoke;0.013000000000000001;0.013999999999999999
2649;smoke;0.02;?
2006;lpg;0.0077;0.0077
498;lpg;0.0051;0.0051
1944;device;1c:bf:ce:15:ec:4d;1c:bf:ce:15:ec:4d
1207;motion;0;0
1217;lpg;0.006999999999999999;0.0077
495;lpg;0.0077;0.0077
2927;light;0;?
1346;humidity;51.2;?
2641;humidity;78.1;?
486;light;0;?
2201;co;0.0042;0.005
1265;humidity;51.1;?
1764;co;0.0042;0.005
705;temp;22.4;22.7
2455;temp;26.8;?
2674;motion;0;0
1122;device;b8:27:eb:bf:9d:51;b8:27:eb:bf:9d:51
2447;motion;0;0
1456;co;0.0043;0.005
518;device;b8:27:eb:bf:9d:51;b8:27:eb:bf:9d:51
2687;co;0.0025;0.0029
841;lpg;0.005;?
546;device;b8:27:eb:bf:9d:51;b8:27:eb:bf:9d:51
2070;co;0.0026;0.0029
2567;motion;0;0
1328;co;0.0043;0.005
1883;light;0;0
1621;motion;0;0
1539;device;00:0f:00:70:91:0a;?
873;co;0.0051;0.005
149;light;0;?
2001;device;00:0f:00:70:91:0a;?
2248;co;0.005;0.005
1679;co;0.0026;0.0029
379;light;1;1
1255;temp;19.7;6.8
922;co;0.0027;0.0029
871;device;b8:27:eb:bf:9d:51;b8:27:eb:bf:9d:51
1364;co;0.0026;0.0029
181;humidity;51.0;?
601;co;0.0045;0.005
239;temp;19.7;?
2513;smoke;0.02;?
130;smoke;0.019;0.02
2840;co;0.0024;?
566;lpg;0.0073;0.0077
2093;lpg;0.0077;0.0077
2753;temp;22.6;22.7
1138;device;1c:bf:ce:15:ec:4d;1c:bf:ce:15:ec:4d
2464;light;0;0
2485;lpg;0.0077;?
1477;smoke;0.012;0.013999999999999999
117;motion;0;0
1673;temp;26.9;27.0
569;co;0.005;0.005
2922;co;0.0041;?
1338;smoke;0.012;0.013999999999999999
672;device;00:0f:00:70:91:0a;00:0f:00:70:91:0a
808;lpg;0.0078;0.0077
930;temp;22.5;22.7
26;motion;0;0
2647;motion;0;0
450;motion;0;0
1084;lpg;0.0049;0.0051
659;device;1c:bf:ce:15:ec:4d;1c:bf:ce:15:ec:4d
2023;humidity;75.4;?
871;humidity;51.1;?
1384;light;0;?
2705;lpg;0.0046;0.0051
277;temp;22.6;22.7
1546;humidity;77.6;?
2624;co;0.005;0.005
2855;lpg;0.0077;0.0077
1021;lpg;0.006999999999999999;0.0077
596;device;00:0f:00:70:91:0a;?
815;temp;22.5;22.7
2503;light;1;?
1520;motion;0;0
278;motion;0;0
577;temp;19.5;6.8
1749;smoke;0.021;?
807;device;00:0f:00:70:91:0a;?
825;light;0;0
1369;motion;0;0
1135;device;00:0f:00:70:91:0a;?
1336;device;00:0f:00:70:91:0a;?
2441;temp;26.8;?
1095;device;b8:27:eb:bf:9d:51;b8:27:eb:bf:9d:51
982;lpg;0.0069;0.0077
1181;co;0.0026;?
753;lpg;0.0078;0.0077
2861;temp;26.7;?
2183;motion;0;0
2885;smoke;0.012;?
1615;temp;19.8;6.8
2337;motion;0;0
2042;motion;0;0
61;smoke;0.02;?
2537;smoke;0.02;?
1663;motion;0;0
75;motion;0;0
2580;temp;19.8;6.8
176;smoke;0.02;?
2492;light;1;?
1008;temp;22.5;22.7
919;lpg;0.005;?
2493;lpg;0.0047;?
1483;device;b8:27:eb:bf:9d:51;b8:27:eb:bf:9d:51
557;light;0;?
1042;co;0.005;0.005
2863;device;1c:bf:ce:15:ec:4d;?
2841;device;b8:27:eb:bf:9d:51;b8:27:eb:bf:9d:51
2747;lpg;0.0076;?
2934;co;0.0025;0.0029
2175;light;0;0
1957;light;1;1
1356;humidity;51.1;?
607;humidity;77.9;?
2409;light;0;0
858;temp;22.5;22.7
369;co;0.005;0.005
1631;lpg;0.0077;0.0077
1227;motion;0;0
1567;lpg;0.0048;0.0051
2753;motion;0;0
575;humidity;75.1;?
2425;humidity;76.2;?
1858;lpg;0.0077;0.0077
1144;smoke;0.018000000000000002;?
644;temp;19.5;6.8
980;light;0;?
394;humidity;48.9;?
1672;smoke;0.012;0.013999999999999999
1823;smoke;0.018000000000000002;0.02
704;motion;0;0
2104;co;0.0042;0.005
1500;motion;0;0
1257;temp;26.9;27.0
210;motion;0;0
193;smoke;0.021;?
1116;smoke;0.018000000000000002;0.02
1864;device;b8:27:eb:bf:9d:51;b8:27:eb:bf:9d:51
992;temp;22.6;22.7
1362;motion;0;0
235;light;0;0
900;lpg;0.0069;0.0077
2737;temp;22.6;22.7
1321;motion;0;0
849;device;b8:27:eb:bf:9d:51;b8:27:eb:bf:9d:51
714;lpg;0.0078;0.0077
2030;temp;19.5;6.8
2471;lpg;0.0069;0.0077
1558;smoke;0.018000000000000002;0.02
2950;temp;22.6;22.7
2347;humidity;51.3;?
2814;temp;22.7;22.7
484;humidity;78.8;?
360;humidity;77.8;?
777;smoke;0.013000000000000001;0.013999999999999999
559;co;0.005;0.005
2173;co;0.0026;?
339;smoke;0.02;0.02
371;lpg;0.0077;0.0077
1562;light;1;1
1899;device;00:0f:00:70:91:0a;?
1476;humidity;77.9;?
1629;co;0.005;0.005
731;smoke;0.019;0.02
948;temp;22.6;22.7
2342;co;0.0049;?
788;light;0;?
2407;lpg;0.0068;0.0077
430;light;0;0
2422;temp;19.7;6.8
2375;temp;19.7;6.8
1705;lpg;0.0047;?
1608;smoke;0.018000000000000002;0.02
2063;co;0.005;0.005
2724;light;0;?
2587;co;0.0043;?
1960;co;0.005;0.005
2384;humidity;77.8;?
367;lpg;0.0077;0.0077
87;smoke;0.013000000000000001;0.013999999999999999
2805;light;0;?
871;smoke;0.021;?
1849;lpg;0.0069;0.0077
273;light;0;?
821;motion;0;0
1583;device;00:0f:00:70:91:0a;?
1398;smoke;0.021;?
2650;co;0.0042;0.005
1145;humidity;51.1;?
435;smoke;0.02;?
2;temp;19.7;6.8
2079;lpg;0.0077;0.0077
2883;humidity;76.7;?
779;light;1;?
779;humidity;77.7;?
1217;smoke;0.018000000000000002;0.02
1030;co;0.0043;0.005
436;temp;27.0;27.0
460;co;0.005;0.005
1079;lpg;0.0078;0.0077
1270;temp;22.7;22.7
32;lpg;0.0077;0.0077
612;motion;0;0
455;motion;0;0
1175;humidity;51.1;?
2200;smoke;0.021;?
1278;humidity;51.1;?
2706;light;0;0
1790;smoke;0.018000000000000002;0.02
2332;smoke;0.021;?
2953;device;b8:27:eb:bf:9d:51;b8:27:eb:bf:9d:51
644;smoke;0.013000000000000001;0.013999999999999999
1690;co;0.0051;0.005
250;device;b8:27:eb:bf:9d:51;b8:27:eb:bf:9d:51
732;lpg;0.0078;?
1221;co;0.005;0.005
545;humidity;78.1;?
1331;light;0;?
863;co;0.0051;0.005
2265;motion;0;0
1371;smoke;0.019;0.02
2078;co;0.0043;0.005
589;temp;22.2;22.7
77;co;0.0029;0.0029
436;motion;0;0
562;motion;0;0
2671;humidity;51.3;?
2624;humidity;51.2;?
547;humidity;75.4;?
141;humidity;77.8;?
1292;humidity;77.6;?
1992;temp;19.5;6.8
1937;co;0.0042;0.005
889;lpg;0.0077;0.0077
858;lpg;0.0078;0.0077
216;motion;0;0
998;device;00:0f:00:70:91:0a;?
429;humidity;77.9;?
1961;smoke;0.012;0.013999999999999999
1935;co;0.0042;0.005
1362;device;b8:27:eb:bf:9d:51;b8:27:eb:bf:9d:51
1986;temp;26.9;27.0
1413;lpg;0.0068;0.0077
1920;temp;26.9;27.0
2796;humidity;76.7;?
962;temp;27.0;27.0
462;light;0;0
2910;light;1;?
2219;temp;22.5;22.7
1087;device;1c:bf:ce:15:ec:4d;1c:bf:ce:15:ec:4d
1045;motion;0;0
1003;light;1;1
557;temp;22.1;22.7
2449;smoke;0.02;?
642;temp;27.0;?
1224;motion;0;0
138;lpg;0.0076;0.0077
1588;temp;22.7;22.6
495;temp;22.0;22.7
110;device;b8:27:eb:bf:9d:51;b8:27:eb:bf:9d:51
2686;lpg;0.0069;?
223;temp;27.0;27.0
2198;temp;19.6;6.8
690;humidity;50.6;?
1867;light;0;?
1031;light;0;0
746;co;0.0043;0.005
114;humidity;76.1;?
2275;lpg;0.0068;0.0077
1035;co;0.0051;0.005
134;temp;22.6;22.7
19;light;1;1
2666;smoke;0.02;?
588;lpg;0.0049;?
135;smoke;0.013000000000000001;0.013999999999999999
1756;humidity;74.7;?
1824;humidity;48.9;?
2829;lpg;0.0077;?
2600;motion;0;0
643;device;b8:27:eb:bf:9d:51;b8:27:eb:bf:9d:51
1002;co;0.0027;?
2542;lpg;0.0046;0.0051
504;smoke;0.018000000000000002;0.02
2919;light;1;?
469;motion;0;0
999;smoke;0.021;?
1222;light;1;1
946;temp;22.5;22.7
2714;motion;0;0
587;humidity;50.7;?
841;humidity;75.8;?
805;humidity;51.2;?
1415;light;0;0
931;humidity;76.1;?
890;lpg;0.0078;0.0077
2753;smoke;0.02;?
779;device;1c:bf:ce:15:ec:4d;?
2779;lpg;0.0068;0.0077
1604;motion;0;0
397;co;0.005;0.005
2751;co;0.005;?
1148;humidity;51.1;?
1738;smoke;0.012;0.013999999999999999
2777;co;0.0024;?
2287;smoke;0.021;?
222;lpg;0.0077;0.0077
496;lpg;0.0068;0.0077
1689;light;1;1
2861;light;1;?
2524;humidity;51.3;?
1208;motion;0;0
2160;motion;0;0
288;motion;0;0
1885;device;1c:bf:ce:15:ec:4d;1c:bf:ce:15:ec:4d
1118;light;0;0
1152;light;0;0
2988;light;0;?
359;co;0.0028;0.0029
410;temp;19.6;6.8
1637;lpg;0.0068;0.0077
556;temp;19.5;6.8
2784;lpg;0.0068;?
1715;co;0.005;0.005
940;temp;19.6;6.8
1821;device;b8:27:eb:bf:9d:51;b8:27:eb:bf:9d:51
2140;co;0.0042;0.005
1864;lpg;0.0077;0.0077
2945;light;0;?
415;motion;0;0
1045;humidity;51.2;?
446;temp;22.1;22.7
2890;temp;19.9;6.8
534;motion;0;0
2881;light;0;?
2410;co;0.0025;0.0029
1612;light;0;?
320;temp;27.0;27.0
365;lpg;0.0051;0.0051
667;smoke;0.019;0.02
706;co;0.0043;0.005
2273;co;0.0025;?
816;smoke;0.018000000000000002;0.02
2115;co;0.005;0.005
309;lpg;0.0077;0.0077
613;humidity;75.1;?
1282;light;1;1
1681;smoke;0.021;?
1317;humidity;51.1;?
351;humidity;77.6;?
1090;humidity;76.2;?
1882;smoke;0.018000000000000002;0.02
1146;device;00:0f:00:70:91:0a;?
2105;light;0;?
2973;motion;0;0
2874;co;0.005;0.005
2236;temp;26.8;27.0
1554;lpg;0.0069;0.0077
788;device;00:0f:00:70:91:0a;?
2659;lpg;0.0077;?
2073;device;00:0f:00:70:91:0a;?
8;lpg;0.0052;0.0051
2182;temp;26.8;27.0
1294;lpg;0.0048;0.0051
1306;smoke;0.021;?
121;light;0;?
482;light;0;0
2020;temp;22.2;22.7
477;humidity;78.5;?
1288;device;1c:bf:ce:15:ec:4d;1c:bf:ce:15:ec:4d
813;humidity;51.1;?
2324;smoke;0.012;?
875;smoke;0.021;?
86;light;0;?
1523;co;0.005;0.005
2629;smoke;0.02;?
1609;temp;22.7;22.7
257;device;1c:bf:ce:15:ec:4d;1c:bf:ce:15:ec:4d
2831;smoke;0.02;?
1651;motion;0;0
1024;temp;22.6;22.7
2154;lpg;0.0077;0.0077
171;lpg;0.0077;0.0077
2015;humidity;75.5;?
2091;co;0.0026;?
2058;device;b8:27:eb:bf:9d:51;b8:27:eb:bf:9d:51
312;temp;19.7;6.8
704;smoke;0.013000000000000001;0.013999999999999999
1425;smoke;0.021;?
744;motion;0;0
791;temp;27.0;27.0
1468;device;1c:bf:ce:15:ec:4d;1c:bf:ce:15:ec:4d
1739;light;0;?
426;co;0.005;0.005
2765;smoke;0.012;?
2425;motion;0;0
695;co;0.005;0.005
2032;humidity;77.8;?
1853;motion;0;0
293;co;0.0043;0.005
2249;light;0;?
311;lpg;0.0077;0.0077
422;lpg;0.005;0.0051
1360;motion;0;0
1134;lpg;0.0077;0.0077
1401;smoke;0.018000000000000002;0.02
599;co;0.0028;0.0029
901;smoke;0.013000000000000001;0.013999999999999999
1240;smoke;0.012;0.013999999999999999
951;device;1c:bf:ce:15:ec:4d;?
1393;humidity;51.2;?
240;temp;27.0;27.0
1016;humidity;76.1;?
2864;humidity;51.4;?
2464;lpg;0.0047;0.0051
1630;smoke;0.018000000000000002;0.02
1156;humidity;76.1;?
2426;smoke;0.02;?
432;motion;0;0
1554;co;0.0043;0.005
2719;temp;22.6;22.7
229;co;0.005;0.005
2663;light;0;?
315;smoke;0.013000000000000001;0.013999999999999999
914;smoke;0.018000000000000002;0.02
1612;humidity;75.8;?
1361;co;0.0027;0.0029
1856;humidity;74.4;?
1267;device;1c:bf:ce:15:ec:4d;1c:bf:ce:15:ec:4d
2394;humidity;51.3;?
2216;lpg;0.0077;0.0077
1174;smoke;0.012;0.013999999999999999
838;lpg;0.0078;0.0077
2379;lpg;0.0047;?
952;temp;22.5;?
855;light;1;1
1254;lpg;0.0068;0.0077
1895;device;b8:27:eb:bf:9d:51;?
192;humidity;78.1;?
1926;device;1c:bf:ce:15:ec:4d;1c:bf:ce:15:ec:4d
1891;temp;26.9;27.0
208;co;0.0028;0.0029
52;humidity;50.9;?
1560;smoke;0.021;?
290;co;0.0028;0.0029
542;humidity;78.0;?
2560;light;0;?
924;light;0;?
2344;lpg;0.0048;?
1047;smoke;0.021;?
1459;light;1;1
1491;light;1;1
676;smoke;0.013000000000000001;0.013999999999999999
1623;motion;0;0
868;smoke;0.013000000000000001;0.013999999999999999
336;humidity;77.8;?
888;light;0;?
1634;light;0;?
416;motion;0;0
617;temp;19.5;6.8
689;light;0;?
2517;co;0.005;0.005
2161;motion;0;0
2002;light;0;?
872;motion;0;0
1455;light;0;?
456;humidity;48.8;?
556;motion;0;0
69;lpg;0.006999999999999999;0.0077
1211;co;0.005;0.005
2985;lpg;0.0076;?
2322;device;b8:27:eb:bf:9d:51;b8:27:eb:bf:9d:51
479;smoke;0.021;?
2436;smoke;0.018000000000000002;?
899;humidity;51.1;?
1491;device;1c:bf:ce:15:ec:4d;1c:bf:ce:15:ec:4d
407;device;00:0f:00:70:91:0a;?
2557;light;0;?
705;device;b8:27:eb:bf:9d:51;b8:27:eb:bf:9d:51
2112;light;1;1
1690;motion;0;0
1586;co;0.005;0.005
2955;co;0.0042;0.005
93;temp;19.8;6.8
352;smoke;0.021;0.02
1862;smoke;0.018000000000000002;0.02
2528;light;0;?
2140;smoke;0.018000000000000002;0.02
1461;co;0.005;0.005
277;humidity;50.5;?
222;smoke;0.021;0.02
772;lpg;0.0077;0.0077
2709;smoke;0.012;?
2303;device;b8:27:eb:bf:9d:51;b8:27:eb:bf:9d:51
562;temp;27.0;27.0
77;lpg;0.0052;0.0051
1365;light;0;?
1485;lpg;0.0048;0.0051
1187;co;0.005;0.005
385;temp;19.6;6.8
728;humidity;51.1;?
1522;device;b8:27:eb:bf:9d:51;b8:27:eb:bf:9d:51
452;smoke;0.02;?
1511;humidity;51.2;?
1698;smoke;0.012;0.013999999999999999
1461;smoke;0.021;?
2461;temp;22.6;22.7
431;co;0.005;0.005
1837;lpg;0.0068;0.0077
2568;humidity;51.3;?
1330;light;0;?
2527;lpg;0.0077;?
116;device;1c:bf:ce:15:ec:4d;1c:bf:ce:15:ec:4d
1306;motion;0;0
2623;light;0;0
2702;smoke;0.02;?
2763;temp;26.7;?
37;light;1;1
1225;temp;22.6;22.7
1573;light;1;1
276;device;00:0f:00:70:91:0a;b8:27:eb:bf:9d:51
513;device;1c:bf:ce:15:ec:4d;1c:bf:ce:15:ec:4d
722;light;0;?
2955;motion;0;0
1446;lpg;0.0077;0.0077
2356;device;00:0f:00:70:91:0a;?
1577;lpg;0.0077;0.0077
165;device;00:0f:00:70:91:0a;?
2599;smoke;0.018000000000000002;?
2550;light;0;?
2385;smoke;0.021;?
872;temp;19.6;6.8
1326;smoke;0.012;0.013999999999999999
2015;temp;19.5;6.8
1332;humidity;76.3;?
1442;device;1c:bf:ce:15:ec:4d;1c:bf:ce:15:ec:4d
2924;motion;0;0
946;humidity;51.0;?
1093;light;0;0
1634;lpg;0.0077;0.0077
818;smoke;0.021;0.02
593;lpg;0.0071;0.0077
2111;motion;0;0
2055;temp;19.6;6.8
477;temp;27.0;27.0
2260;device;b8:27:eb:bf:9d:51;b8:27:eb:bf:9d:51
2738;smoke;0.018000000000000002;?
1778;light;0;?
251;light;0;0
2402;humidity;51.3;?
694;temp;27.0;27.0
1599;co;0.005;0.005
1635;light;0;?
2659;humidity;51.3;?
2392;co;0.005;0.005
185;light;1;1
400;temp;19.6;6.8
520;motion;0;0
1657;device;00:0f:00:70:91:0a;?
1508;co;0.005;0.005
2197;device;b8:27:eb:bf:9d:51;b8:27:eb:bf:9d:51
2170;device;1c:bf:ce:15:ec:4d;1c:bf:ce:15:ec:4d
1376;co;0.005;0.005
1145;co;0.0051;0.005
2480;lpg;0.0077;?
2110;motion;0;0
139;temp;19.7;6.8
1176;lpg;0.0069;0.0077
955;light;0;0
2296;lpg;0.0077;0.0077
1779;humidity;49.1;?
2985;co;0.0049;?
1178;temp;19.7;6.8
2097;lpg;0.0047;0.0051
1569;light;0;?
1570;humidity;77.7;?
535;device;1c:bf:ce:15:ec:4d;1c:bf:ce:15:ec:4d
2952;smoke;0.018000000000000002;?
2770;co;0.005;?
1363;motion;0;0
2199;motion;0;0
1315;motion;0;0
2604;co;0.005;0.005
1204;device;1c:bf:ce:15:ec:4d;1c:bf:ce:15:ec:4d
278;device;1c:bf:ce:15:ec:4d;1c:bf:ce:15:ec:4d
1916;device;1c:bf:ce:15:ec:4d;1c:bf:ce:15:ec:4d
2891;lpg;0.0076;?
740;light;1;1
2386;humidity;76.1;?
1965;lpg;0.0048;?
800;lpg;0.006999999999999999;0.0077
1268;smoke;0.021;?
2122;light;0;?
1861;smoke;0.021;?
1112;humidity;51.2;?
891;smoke;0.018000000000000002;0.02
1783;co;0.0026;0.0029
986;lpg;0.006999999999999999;0.0077
1030;temp;27.0;27.0
1527;lpg;0.006999999999999999;0.0077
2301;light;0;0
573;co;0.0043;0.005
348;device;1c:bf:ce:15:ec:4d;1c:bf:ce:15:ec:4d
794;co;0.0051;0.005
456;temp;22.1;22.7
2712;lpg;0.0045;0.0051
1064;light;1;1
767;smoke;0.019;0.02
1926;motion;0;0
952;lpg;0.0077;0.0077
1564;humidity;76.4;?
2574;motion;0;0
2850;humidity;76.7;?
1703;co;0.0042;0.005
1276;light;0;?
1297;motion;0;0
1150;device;1c:bf:ce:15:ec:4d;1c:bf:ce:15:ec:4d
693;smoke;0.021;?
219;light;0;0
2238;temp;19.7;6.8
291;smoke;0.02;?
1126;device;b8:27:eb:bf:9d:51;b8:27:eb:bf:9d:51
737;temp;19.6;6.8
1302;temp;26.9;27.0
2204;temp;22.4;22.7
609;smoke;0.019;0.02
2662;temp;19.8;6.8
1144;temp;26.9;?
2540;motion;0;0
1606;lpg;0.0077;0.0077
2604;motion;0;0
2059;device;00:0f:00:70:91:0a;?
1173;device;b8:27:eb:bf:9d:51;b8:27:eb:bf:9d:51
374;lpg;0.0077;0.0077
2084;device;b8:27:eb:bf:9d:51;b8:27:eb:bf:9d:51
2476;motion;0;0
237;humidity;51.2;?
2527;temp;22.6;22.6
957;lpg;0.0048;?
1232;smoke;0.021;?
1736;device;1c:bf:ce:15:ec:4d;1c:bf:ce:15:ec:4d
1167;light;1;1
2795;device;b8:27:eb:bf:9d:51;b8:27:eb:bf:9d:51
1911;temp;26.9;27.0
681;lpg;0.0078;0.0077
2064;light;0;0
2471;motion;0;0
2355;motion;0;0
1443;smoke;0.021;?
1141;temp;22.7;22.7
2713;lpg;0.0077;?
1256;light;0;?
1292;lpg;0.0068;0.0077
825;temp;22.5;22.7
720;smoke;0.018000000000000002;0.02
132;lpg;0.0077;0.0077
2814;device;b8:27:eb:bf:9d:51;b8:27:eb:bf:9d:51
2606;co;0.0042;0.005
408;device;b8:27:eb:bf:9d:51;?
564;smoke;0.019;0.02
1735;smoke;0.021;?
329;humidity;74.8;?
1302;device;1c:bf:ce:15:ec:4d;1c:bf:ce:15:ec:4d
1292;co;0.0042;0.005
1236;device;b8:27:eb:bf:9d:51;b8:27:eb:bf:9d:51
2013;smoke;0.018000000000000002;0.02
2664;lpg;0.0068;0.0077
849;co;0.005;0.005
934;light;0;?
1793;co;0.0042;0.005
2490;co;0.0042;?
2247;light;1;1
2396;lpg;0.0068;?
1391;lpg;0.0077;0.0077
598;lpg;0.0071;0.0077
1197;temp;19.7;6.8
1026;device;00:0f:00:70:91:0a;?
2786;device;b8:27:eb:bf:9d:51;?
2659;device;b8:27:eb:bf:9d:51;b8:27:eb:bf:9d:51
2437;motion;0;0
862;motion;0;0
2795;smoke;0.02;?
659;smoke;0.018000000000000002;0.02
2230;lpg;0.0069;0.0077
773;lpg;0.005;0.0052
1371;humidity;77.5;?
2693;motion;0;0
1321;light;1;1
647;motion;0;0
2037;smoke;0.018000000000000002;0.02
2004;temp;26.8;27.0
955;device;00:0f:00:70:91:0a;?
654;co;0.0043;0.005
630;device;00:0f:00:70:91:0a;?
1082;motion;0;0
105;motion;0;0
592;smoke;0.013000000000000001;0.013999999999999999
2710;smoke;0.018000000000000002;?
2202;smoke;0.012;?
1653;lpg;0.0077;0.0077
1038;co;0.0043;0.005
596;co;0.0028;?
6;humidity;77.9;?
2837;humidity;76.8;?
2687;lpg;0.0046;0.0051
1117;motion;0;0
350;smoke;0.013000000000000001;0.013999999999999999
251;smoke;0.013000000000000001;0.013999999999999999
478;smoke;0.013000000000000001;0.013999999999999999
845;smoke;0.013000000000000001;0.013999999999999999
1006;humidity;51.1;?
2712;humidity;76.5;?
653;device;b8:27:eb:bf:9d:51;?
2075;motion;0;0
1853;device;b8:27:eb:bf:9d:51;b8:27:eb:bf:9d:51
1035;light;0;?
1396;motion;0;0
1446;temp;22.6;22.7
2396;light;1;?
2156;temp;26.8;27.0
233;smoke;0.021;?
2009;temp;19.5;6.8
2660;temp;26.7;?
315;co;0.0028;0.0029
2111;smoke;0.021;?
545;temp;27.0;?
2961;light;0;?
1402;light;0;0
2654;light;0;0
1185;humidity;78.2;?
1192;device;1c:bf:ce:15:ec:4d;1c:bf:ce:15:ec:4d
523;humidity;75.0;?
1727;motion;0;0
2597;co;0.0042;0.005
2073;co;0.0026;?
670;smoke;0.021;?
2575;device;b8:27:eb:bf:9d:51;b8:27:eb:bf:9d:51
2982;light;1;?
605;light;1;?
579;device;b8:27:eb:bf:9d:51;b8:27:eb:bf:9d:51
2819;motion;0;0
214;lpg;0.0051;0.0051
1461;temp;22.7;22.7
2491;co;0.0049;?
1618;lpg;0.0077;0.0077
1258;motion;0;0
1498;humidity;76.2;?
1210;device;00:0f:00:70:91:0a;?
553;light;0;0
2357;motion;0;0
1880;smoke;0.021;?
2303;light;0;?
2050;lpg;0.0067;0.0077
2008;motion;0;0
2708;light;0;?
1033;light;0;?
1078;smoke;0.019;0.02
2411;co;0.0043;?
1206;co;0.0026;0.0029
1467;smoke;0.021;?
1316;temp;22.6;22.7
2281;temp;26.8;27.0
1855;lpg;0.0077;0.0077
2224;lpg;0.0077;0.0077
2046;temp;26.8;27.0
272;motion;0;0
951;motion;0;0
2778;motion;0;0
2878;light;0;?
1544;lpg;0.0069;0.0077
2263;motion;0;0
479;light;0;0
1956;co;0.0026;0.0029
69;motion;0;0
1163;motion;0;0
479;device;b8:27:eb:bf:9d:51;b8:27:eb:bf:9d:51
220;motion;0;0
2968;humidity;51.4;?
2035;device;00:0f:00:70:91:0a;?
2497;lpg;0.0048;0.0051
1575;humidity;76.3;?
1554;smoke;0.018000000000000002;0.02
2579;smoke;0.02;?
1396;smoke;0.021;?
2686;device;1c:bf:ce:15:ec:4d;?
546;temp;22.1;22.7
1977;temp;22.2;22.7
1111;light;0;?
1254;motion;0;0
786;motion;0;0
910;light;0;0
1779;light;0;?
222;temp;22.6;?
484;smoke;0.018000000000000002;0.02
429;temp;27.0;?
2423;light;0;?
2972;lpg;0.0067;?
1520;smoke;0.012;0.013999999999999999
5;motion;0;0
984;device;1c:bf:ce:15:ec:4d;1c:bf:ce:15:ec:4d
2364;smoke;0.021;?
33;lpg;0.006999999999999999;0.0077
662;temp;22.3;22.7
565;smoke;0.021;?
409;motion;0;0
1183;co;0.0027;0.0029
99;lpg;0.0051;0.0051
1753;lpg;0.0077;0.0077
502;light;0;0
1268;motion;0;0
1888;humidity;74.9;?
2006;device;b8:27:eb:bf:9d:51;b8:27:eb:bf:9d:51
2378;motion;0;0
238;device;b8:27:eb:bf:9d:51;b8:27:eb:bf:9d:51
662;co;0.0051;0.005
2923;humidity;51.3;?
1875;device;00:0f:00:70:91:0a;?
1722;co;0.005;0.005
2054;lpg;0.0077;0.0077
1902;device;00:0f:00:70:91:0a;?
1726;device;b8:27:eb:bf:9d:51;b8:27:eb:bf:9d:51
2218;motion;0;0
2705;motion;0;0
2514;light;1;?
1661;smoke;0.012;0.013999999999999999
744;co;0.0027;0.0029
1406;smoke;0.018000000000000002;0.02
2778;humidity;51.3;?
2990;device;b8:27:eb:bf:9d:51;b8:27:eb:bf:9d:51
2280;smoke;0.02;?
779;motion;0;0
2523;smoke;0.02;?
2289;motion;0;0
2698;humidity;77.3;?
1726;lpg;0.0077;0.0077
764;smoke;0.021;0.02
2860;device;00:0f:00:70:91:0a;?
46;temp;27.0;27.0
2722;lpg;0.0069;?
2158;humidity;77.6;?
1483;light;0;0
1742;humidity;75.8;?
295;lpg;0.0076;0.0077
2483;co;0.005;?
429;light;1;?
2534;co;0.005;0.005
3000;humidity;77.0;?
1871;device;b8:27:eb:bf:9d:51;b8:27:eb:bf:9d:51
1608;lpg;0.0069;0.0077
2564;humidity;75.8;?
1109;lpg;0.0077;0.0077
874;device;1c:bf:ce:15:ec:4d;1c:bf:ce:15:ec:4d
1754;lpg;0.0068;0.0077
1685;lpg;0.0048;0.0051
894;light;1;1
1610;humidity;77.6;?
441;light;0;?
2128;light;0;?
42;smoke;0.013999999999999999;0.013999999999999999
958;humidity;51.1;?
732;humidity;51.1;?
547;lpg;0.0051;0.0051
1048;smoke;0.019;0.02
1888;smoke;0.012;0.013999999999999999
1471;light;0;?
1520;device;00:0f:00:70:91:0a;?
1072;lpg;0.0077;0.0077
829;light;0;0
1849;smoke;0.018000000000000002;0.02
1010;humidity;78.0;?
1953;light;0;0
1978;lpg;0.0048;?
714;humidity;50.8;?
1647;lpg;0.0069;0.0077
2509;humidity;76.1;?
2103;humidity;51.2;?
2238;lpg;0.0048;0.0051
1201;motion;0;0
86;motion;0;0
2238;device;00:0f:00:70:91:0a;?
578;smoke;0.019;0.02
89;light;0;?
249;co;0.0043;0.005
1595;device;b8:27:eb:bf:9d:51;b8:27:eb:bf:9d:51
2990;co;0.0049;?
695;lpg;0.0077;0.0077
579;temp;22.2;22.7
1652;co;0.0026;0.0029
1213;device;b8:27:eb:bf:9d:51;b8:27:eb:bf:9d:51
2974;co;0.0041;?
1561;motion;0;0
805;smoke;0.021;?
809;smoke;0.018000000000000002;0.02
2026;temp;22.2;22.7
1545;motion;0;0
2651;smoke;0.012;0.013999999999999999
1921;device;00:0f:00:70:91:0a;?
125;smoke;0.013000000000000001;0.013999999999999999
2400;temp;22.6;22.7
35;device;b8:27:eb:bf:9d:51;b8:27:eb:bf:9d:51
1218;temp;22.6;22.7
440;motion;0;0
259;smoke;0.013000000000000001;0.013999999999999999
1797;humidity;49.1;?
560;co;0.0028;0.0029
1857;motion;0;0
2932;motion;0;0
2455;device;1c:bf:ce:15:ec:4d;1c:bf:ce:15:ec:4d
1329;humidity;76.3;?
2361;light;0;?
1384;lpg;0.0077;0.0077
499;smoke;0.021;?
524;motion;0;0
461;motion;0;0
2012;humidity;75.4;?
1409;humidity;51.2;?
614;device;1c:bf:ce:15:ec:4d;1c:bf:ce:15:ec:4d
1735;co;0.005;0.005
1051;humidity;77.8;?
303;co;0.005;0.005
987;device;b8:27:eb:bf:9d:51;b8:27:eb:bf:9d:51
457;motion;0;0
2802;light;0;?
2016;temp;22.2;22.6
2452;co;0.0042;?
148;smoke;0.019;0.02
1004;co;0.005;0.005
717;lpg;0.0069;0.0077
2838;smoke;0.012;0.013999999999999999
2321;device;b8:27:eb:bf:9d:51;b8:27:eb:bf:9d:51
1770;motion;0;0
406;smoke;0.021;?
505;light;0;0
2576;light;0;?
922;temp;19.6;6.8
768;device;b8:27:eb:bf:9d:51;b8:27:eb:bf:9d:51
1727;humidity;75.2;?
225;motion;0;0
2284;lpg;0.0077;0.0077
2484;light;1;?
2160;light;0;0
1456;temp;26.9;27.0
420;co;0.0043;0.005
2244;temp;22.5;22.7
188;humidity;51.0;?
1826;humidity;77.7;?
2552;lpg;0.0077;0.0077
1232;lpg;0.0077;0.0077
180;lpg;0.0052;0.0051
1896;motion;0;0
2946;co;0.0024;?
1615;motion;0;0
2210;device;b8:27:eb:bf:9d:51;b8:27:eb:bf:9d:51
1194;motion;0;0
2488;light;0;?
2284;device;b8:27:eb:bf:9d:51;b8:27:eb:bf:9d:51
571;device;1c:bf:ce:15:ec:4d;1c:bf:ce:15:ec:4d
1332;motion;0;0
1830;temp;22.2;22.7
515;smoke;0.013000000000000001;0.013999999999999999
2127;motion;0;0
1436;light;0;?
2493;humidity;76.1;?
532;co;0.005;0.005
1023;co;0.0027;0.0029
113;humidity;51.0;?
1712;co;0.0042;0.005
109;motion;0;0
2673;co;0.0024;0.0029
1431;smoke;0.012;0.013999999999999999
724;motion;0;0
1223;device;b8:27:eb:bf:9d:51;?
2150;light;0;?
1339;temp;22.6;22.7
703;smoke;0.018000000000000002;0.02
2848;light;0;?
761;device;1c:bf:ce:15:ec:4d;1c:bf:ce:15:ec:4d
1087;motion;0;0
2967;light;1;?
1952;lpg;0.0048;0.0051
45;humidity;50.9;?
2481;temp;26.8;?
1421;light;0;?
2836;smoke;0.02;?
1269;light;0;?
1051;lpg;0.0071;0.0077
1141;light;0;?
1122;motion;0;0
1838;light;0;?
778;humidity;51.0;?
2497;temp;19.7;6.8
1834;smoke;0.021;?
1155;co;0.005;0.005
2976;lpg;0.0076;?
1469;device;b8:27:eb:bf:9d:51;b8:27:eb:bf:9d:51
2079;humidity;51.3;?
1447;co;0.0042;0.005
1540;light;0;?
1065;temp;22.6;22.7
1643;lpg;0.0077;0.0077
559;light;0;?
1863;light;0;?
753;device;b8:27:eb:bf:9d:51;b8:27:eb:bf:9d:51
2860;lpg;0.0045;?
31;light;0;0
450;light;1;1
329;smoke;0.013000000000000001;0.013999999999999999
1102;co;0.005;0.005
1218;motion;0;0
691;device;1c:bf:ce:15:ec:4d;1c:bf:ce:15:ec:4d
2029;motion;0;0
506;humidity;74.9;?
196;motion;0;0
2737;motion;0;0
244;lpg;0.0051;0.0051
2178;temp;26.8;27.0
100;motion;0;0
2928;temp;19.9;6.8
2815;smoke;0.012;?
1974;light;1;1
2811;motion;0;0
227;light;0;0
1123;lpg;0.0068;0.0077
1794;humidity;49.0;?
658;motion;0;0
2126;humidity;77.6;?
2246;co;0.005;0.005
1851;light;1;1
252;light;1;1
631;lpg;0.0077;0.0077
2898;motion;0;0
768;motion;0;0
2639;device;00:0f:00:70:91:0a;?
679;humidity;78.2;?
407;temp;19.6;?
1690;light;0;?
1755;temp;22.4;22.7
2543;humidity;51.3;?
165;co;0.0028;0.0029
2083;motion;0;0
2289;smoke;0.012;?
2275;device;1c:bf:ce:15:ec:4d;1c:bf:ce:15:ec:4d
1814;device;1c:bf:ce:15:ec:4d;1c:bf:ce:15:ec:4d
442;motion;0;0
764;humidity;50.9;?
58;co;0.0029;0.0029
904;smoke;0.021;?
2414;light;1;?
1091;temp;22.6;22.7
1387;device;1c:bf:ce:15:ec:4d;1c:bf:ce:15:ec:4d
1673;motion;0;0
1470;co;0.0026;?
28;device;b8:27:eb:bf:9d:51;b8:27:eb:bf:9d:51
1096;device;1c:bf:ce:15:ec:4d;1c:bf:ce:15:ec:4d
2561;temp;26.7;?
1319;humidity;77.6;?
2114;co;0.0026;0.0029
70;humidity;76.0;?
2923;temp;22.7;?
1768;humidity;49.1;?
347;smoke;0.021;?
1427;temp;22.6;22.7
1015;co;0.005;0.005
1300;device;1c:bf:ce:15:ec:4d;1c:bf:ce:15:ec:4d
664;light;0;?
1695;device;b8:27:eb:bf:9d:51;b8:27:eb:bf:9d:51
428;light;0;0
283;smoke;0.013000000000000001;0.013999999999999999
1259;light;0;0
1208;smoke;0.018000000000000002;0.02
2435;humidity;51.3;?
862;light;0;?
1990;humidity;75.3;?
2612;motion;0;0
2792;lpg;0.0046;?
2654;smoke;0.02;?
1584;motion;0;?
2989;temp;26.7;?
951;humidity;78.0;?
2849;smoke;0.018000000000000002;?
2409;smoke;0.021;?
2502;lpg;0.0046;?
1882;temp;26.9;27.0
74;smoke;0.018000000000000002;0.02
2495;device;1c:bf:ce:15:ec:4d;?
1751;temp;22.4;22.7
1597;temp;19.8;6.8
82;lpg;0.0077;0.0077
1213;temp;22.6;22.7
1644;co;0.0043;0.005
2278;light;0;0
2164;light;1;1
439;humidity;77.8;?
1936;co;0.005;0.005
2320;humidity;75.9;?
1758;light;1;1
980;lpg;0.0049;?
1356;motion;0;0
2403;lpg;0.0068;?
2978;humidity;51.4;?
1157;co;0.0043;0.005
148;humidity;77.8;?
2429;co;0.0025;?
3;co;0.005;0.005
654;temp;27.0;27.0
1803;co;0.0042;0.005
564;humidity;78.1;?
2484;smoke;0.018000000000000002;?
832;co;0.0051;0.005
511;co;0.005;0.005
2311;lpg;0.0077;0.0077
2794;temp;26.7;?
714;device;b8:27:eb:bf:9d:51;b8:27:eb:bf:9d:51
2549;light;0;?
2640;device;b8:27:eb:bf:9d:51;b8:27:eb:bf:9d:51
738;humidity;51.1;?
2023;device;00:0f:00:70:91:0a;?
994;light;0;0
1865;device;00:0f:00:70:91:0a;?
2049;lpg;0.0048;0.0051
2339;humidity;51.3;?
2595;light;0;?
1337;light;0;?
2585;light;0;?
2407;motion;0;0
1138;lpg;0.0068;0.0077
2118;temp;22.4;22.7
333;motion;0;0
1717;lpg;0.0068;0.0077
656;motion;0;0
920;humidity;77.7;?
1350;temp;27.0;27.0
1197;light;0;0
2995;smoke;0.012;?
472;lpg;0.0077;0.0077
2692;co;0.0043;?
2610;smoke;0.018000000000000002;?
2188;light;1;1
2649;temp;22.6;22.7
249;humidity;78.3;?
2302;device;00:0f:00:70:91:0a;?
1405;temp;22.6;22.7
855;temp;26.9;27.0
133;smoke;0.013000000000000001;0.013999999999999999
2397;smoke;0.02;?
1566;co;0.005;0.005
1653;light;0;0
1742;co;0.0026;0.0029
732;temp;22.4;?
314;co;0.005;0.005
1720;smoke;0.021;?
2418;humidity;77.6;?
2891;co;0.0049;?
809;motion;0;0
2362;humidity;75.9;?
761;co;0.0044;0.005
1053;light;0;?
1483;smoke;0.021;?
487;smoke;0.018000000000000002;0.02
1244;temp;26.9;27.0
1564;smoke;0.012;0.013999999999999999
2867;co;0.0041;0.005
1730;device;00:0f:00:70:91:0a;?
2918;temp;22.7;22.7
1313;lpg;0.0078;0.0077
2972;humidity;76.9;?
862;humidity;51.1;?
1777;light;1;1
1439;co;0.005;0.005
1261;device;b8:27:eb:bf:9d:51;b8:27:eb:bf:9d:51
1379;motion;0;0
2752;humidity;76.6;?
1915;smoke;0.02;?
1550;device;b8:27:eb:bf:9d:51;b8:27:eb:bf:9d:51
1810;device;b8:27:eb:bf:9d:51;?
2003;motion;0;0
2900;humidity;76.7;?
1131;co;0.0043;?
1748;motion;0;0
183;lpg;0.0051;0.0051
2279;motion;0;0
1563;temp;22.7;22.7
1724;temp;19.7;6.8
1698;temp;19.7;6.8
2498;humidity;51.3;?
527;motion;0;0
775;co;0.0043;0.005
1026;lpg;0.0048;0.0051
962;smoke;0.018000000000000002;0.02
2647;co;0.0024;0.0029
539;temp;22.0;?
91;device;b8:27:eb:bf:9d:51;b8:27:eb:bf:9d:51
1068;temp;22.6;22.7
993;co;0.0042;0.005
954;humidity;51.1;?
2560;co;0.0025;0.0029
2149;humidity;77.6;?
2748;temp;26.7;?
2823;motion;0;0
187;motion;0;0
1800;light;1;1
1971;humidity;51.2;?
2374;smoke;0.018000000000000002;?
1444;humidity;77.7;?
607;smoke;0.019;0.02
817;device;00:0f:00:70:91:0a;?
2447;light;0;0
2887;humidity;76.7;?
1416;motion;0;0
2412;device;b8:27:eb:bf:9d:51;b8:27:eb:bf:9d:51
2867;device;1c:bf:ce:15:ec:4d;1c:bf:ce:15:ec:4d
2306;humidity;76.0;?
2412;motion;0;0
1202;temp;22.6;22.7
2263;temp;22.5;22.7
582;light;1;1
2088;humidity;75.6;?
2057;device;b8:27:eb:bf:9d:51;b8:27:eb:bf:9d:51
1181;device;00:0f:00:70:91:0a;?
1264;motion;0;0
1939;device;b8:27:eb:bf:9d:51;b8:27:eb:bf:9d:51
803;smoke;0.019;0.02
1626;lpg;0.0069;0.0077
1688;humidity;75.2;?
1755;smoke;0.02;?
327;motion;0;0
2951;motion;0;0
1478;device;b8:27:eb:bf:9d:51;b8:27:eb:bf:9d:51
499;light;0;0
1949;light;0;?
1280;humidity;77.7;?
2700;co;0.0049;?
1422;light;0;0
792;smoke;0.021;?
2921;lpg;0.0076;?
2164;temp;26.8;27.0
2732;humidity;51.3;?
1524;lpg;0.0048;0.0051
2425;device;00:0f:00:70:91:0a;?
2061;light;0;?
410;smoke;0.013000000000000001;0.013999999999999999
1433;humidity;78.0;?
1266;light;0;?
1950;device;b8:27:eb:bf:9d:51;b8:27:eb:bf:9d:51
2269;lpg;0.0068;0.0077
2294;motion;0;0
62;lpg;0.006999999999999999;0.0077
2113;motion;0;0
1598;temp;26.9;27.0
699;lpg;0.0078;0.0077
24;device;00:0f:00:70:91:0a;00:0f:00:70:91:0a
1102;motion;0;0
2192;light;1;1
1190;light;1;1
52;lpg;0.0077;0.0077
1357;device;1c:bf:ce:15:ec:4d;1c:bf:ce:15:ec:4d
2760;motion;0;0
1764;light;1;1
2073;lpg;0.0047;?
2030;humidity;75.4;?
2601;motion;0;0
126;co;0.005;0.005
464;light;0;0
328;motion;0;0
569;smoke;0.021;?
2419;temp;19.7;6.8
1676;motion;0;0
1026;motion;0;0
2935;humidity;51.4;?
2162;smoke;0.021;?
2581;smoke;0.021;?
2245;device;00:0f:00:70:91:0a;?
968;smoke;0.021;?
629;lpg;0.0077;0.0077
2419;device;00:0f:00:70:91:0a;?
80;device;00:0f:00:70:91:0a;00:0f:00:70:91:0a
2552;humidity;51.3;?
2393;device;00:0f:00:70:91:0a;00:0f:00:70:91:0a
1220;motion;0;0
1154;temp;19.7;6.8
1906;humidity;49.6;?
1275;temp;19.7;6.8
2901;lpg;0.0076;?
435;lpg;0.0077;0.0077
1146;humidity;76.1;?
1047;humidity;51.2;?
2334;motion;0;0
1307;device;1c:bf:ce:15:ec:4d;1c:bf:ce:15:ec:4d
2042;humidity;51.4;?
484;device;1c:bf:ce:15:ec:4d;1c:bf:ce:15:ec:4d
291;device;b8:27:eb:bf:9d:51;b8:27:eb:bf:9d:51
336;light;1;1
1373;light;0;0
2891;temp;22.7;?
1935;device;1c:bf:ce:15:ec:4d;1c:bf:ce:15:ec:4d
1150;humidity;77.7;?
1715;smoke;0.021;?
2052;light;0;0
2914;light;1;1
2343;temp;26.8;?
1996;device;b8:27:eb:bf:9d:51;b8:27:eb:bf:9d:51
1747;humidity;49.4;?
1545;co;0.005;0.005
130;co;0.0045;0.005
1473;motion;0;0
1276;motion;0;0
2874;temp;22.6;?
866;smoke;0.021;?
1561;lpg;0.0048;?
1475;temp;22.7;22.7
1913;device;b8:27:eb:bf:9d:51;b8:27:eb:bf:9d:51
2665;lpg;0.0045;0.0051
1089;motion;0;0
1934;motion;0;0
663;humidity;75.5;?
1889;motion;0;0
1290;device;00:0f:00:70:91:0a;?
2478;smoke;0.018000000000000002;?
584;lpg;0.0077;0.0077
1865;lpg;0.0048;0.0051
2408;humidity;51.3;?
298;temp;22.5;22.7
2617;smoke;0.012;0.013999999999999999
2097;humidity;75.6;?
2924;temp;19.9;6.8
1985;lpg;0.0048;0.0051
450;lpg;0.0069;0.0077
2050;motion;0;0
462;lpg;0.0077;0.0077
1300;smoke;0.018000000000000002;0.02
2296;smoke;0.02;?
2517;lpg;0.0077;0.0077
709;lpg;0.0078;0.0077
803;humidity;77.9;?
652;light;0;?
1422;temp;22.6;22.7
2372;smoke;0.012;0.013999999999999999
2172;humidity;51.3;?
1409;motion;0;0
96;smoke;0.02;?
2477;temp;22.6;22.7
2005;smoke;0.012;?
394;smoke;0.021;?
2052;humidity;51.4;?
2078;smoke;0.018000000000000002;0.02
1000;co;0.0043;0.005
1185;temp;1.3;?
2142;lpg;0.0077;0.0077
2978;smoke;0.02;?
1500;smoke;0.021;?
2170;co;0.0047;0.005
797;temp;22.5;22.7
1955;smoke;0.021;?
2786;light;0;?
2577;light;0;0
144;humidity;76.4;?
2512;co;0.0025;?
1937;light;1;1
748;lpg;0.0077;0.0077
1806;co;0.005;0.005
2598;co;0.005;?
1402;co;0.0026;0.0029
616;co;0.005;0.005
2186;lpg;0.0077;0.0077
2543;lpg;0.0077;0.0077
897;light;0;?
1855;device;b8:27:eb:bf:9d:51;b8:27:eb:bf:9d:51
2408;smoke;0.021;?
2206;lpg;0.0047;?
1363;device;b8:27:eb:bf:9d:51;b8:27:eb:bf:9d:51
1766;lpg;0.0048;?
862;lpg;0.0078;0.0077
342;smoke;0.02;0.02
1478;co;0.005;0.005
2;device;00:0f:00:70:91:0a;00:0f:00:70:91:0a
276;smoke;0.013000000000000001;?
122;humidity;76.2;?
380;light;0;0
2095;temp;26.9;27.0
1511;co;0.005;0.005
739;smoke;0.013000000000000001;0.013999999999999999
2966;device;00:0f:00:70:91:0a;?
1863;motion;0;0
2404;temp;19.7;6.8
1680;smoke;0.018000000000000002;0.02
919;humidity;75.9;?
2797;temp;19.8;6.8
386;motion;0;0
243;motion;0;0
1498;smoke;0.012;0.013999999999999999
2370;motion;0;0
278;lpg;0.006999999999999999;0.0077
1165;motion;0;0
188;device;b8:27:eb:bf:9d:51;b8:27:eb:bf:9d:51
2527;device;b8:27:eb:bf:9d:51;b8:27:eb:bf:9d:51
885;device;00:0f:00:70:91:0a;?
561;smoke;0.021;?
1920;humidity;78.3;?
2568;temp;22.6;22.7
2829;co;0.005;?
1635;humidity;75.6;?
791;lpg;0.0069;0.0077
1890;motion;0;0
1316;smoke;0.021;?
2210;motion;0;0
585;light;1;1
2349;device;b8:27:eb:bf:9d:51;b8:27:eb:bf:9d:51
2414;humidity;77.8;?
2086;humidity;77.8;?
946;motion;0;0
378;lpg;0.0077;0.0077
2759;motion;0;0
1698;light;0;0
1821;motion;0;0
1629;lpg;0.0077;0.0077
1170;smoke;0.018000000000000002;0.02
2275;motion;0;0
1611;co;0.005;0.005
2991;smoke;0.012;?
2566;light;0;0
541;light;0;0
2573;temp;26.7;?
64;temp;22.7;22.7
349;smoke;0.02;0.02
2813;smoke;0.018000000000000002;?
2267;lpg;0.0077;0.0077
1490;humidity;51.2;?
833;light;1;1
1176;motion;0;0
2514;lpg;0.0069;?
352;lpg;0.0077;0.0077
2054;device;b8:27:eb:bf:9d:51;b8:27:eb:bf:9d:51
1462;light;1;1
11;device;b8:27:eb:bf:9d:51;b8:27:eb:bf:9d:51
1087;smoke;0.019;0.02
350;humidity;74.7;?
1855;co;0.005;0.005
2051;temp;22.3;22.7
1872;light;1;1
78;device;b8:27:eb:bf:9d:51;b8:27:eb:bf:9d:51
982;smoke;0.018000000000000002;0.02
2800;co;0.0049;?
1611;temp;22.7;22.7
2163;lpg;0.0047;?
1519;lpg;0.0077;0.0077
2031;smoke;0.021;?
710;device;1c:bf:ce:15:ec:4d;1c:bf:ce:15:ec:4d
61;co;0.0049;0.005
2727;motion;0;0
2902;humidity;51.3;?
2799;co;0.0043;?
846;light;0;?
1123;light;1;1
1395;device;00:0f:00:70:91:0a;?
818;device;b8:27:eb:bf:9d:51;?
357;humidity;77.8;?
1521;light;1;1
2236;smoke;0.018000000000000002;0.02
679;motion;0;?
2926;lpg;0.0067;?
1920;light;1;1
747;humidity;75.9;?
2958;temp;22.6;22.7
307;co;0.005;0.005
1210;motion;0;0
2531;light;0;?
2038;co;0.005;0.005
777;lpg;0.005;0.0051
1161;smoke;0.018000000000000002;0.02
2870;device;b8:27:eb:bf:9d:51;b8:27:eb:bf:9d:51
2869;device;00:0f:00:70:91:0a;?
2227;humidity;51.3;?
1116;light;1;1
2532;lpg;0.0046;?
1342;temp;22.6;22.7
2893;device;b8:27:eb:bf:9d:51;b8:27:eb:bf:9d:51
2658;lpg;0.0046;0.0051
2179;smoke;0.012;0.013999999999999999
382;smoke;0.021;?
712;humidity;75.6;?
419;humidity;48.9;?
2407;device;1c:bf:ce:15:ec:4d;1c:bf:ce:15:ec:4d
1596;co;0.0051;?
1998;humidity;75.4;?
2967;co;0.0042;?
2519;smoke;0.021;?
422;temp;19.6;6.8
370;motion;0;0
1596;device;b8:27:eb:bf:9d:51;b8:27:eb:bf:9d:51
52;co;0.005;0.005
2405;co;0.005;?
1653;motion;0;0
2871;temp;26.7;?
2232;motion;0;0
1887;co;0.0043;0.005
262;co;0.0028;0.0029
895;device;b8:27:eb:bf:9d:51;b8:27:eb:bf:9d:51
2246;humidity;51.3;?
1509;device;00:0f:00:70:91:0a;?
1182;temp;22.6;22.7
843;motion;0;0
377;light;0;?
2358;light;0;0
90;motion;0;0
333;device;b8:27:eb:bf:9d:51;b8:27:eb:bf:9d:51
1432;motion;0;0
1149;smoke;0.012;0.013999999999999999
2323;temp;26.8;27.0
1662;humidity;51.2;?
2152;humidity;51.3;?
346;motion;0;0
2925;co;0.0049;0.005
1460;humidity;76.4;?
2091;device;00:0f:00:70:91:0a;?
17;smoke;0.02;0.02
1918;light;0;?
2110;temp;19.6;6.8
2193;humidity;51.2;?
1909;humidity;75.0;?
1686;lpg;0.0077;0.0077
49;motion;0;0
427;humidity;48.8;?
1881;motion;0;0
48;temp;22.6;22.7
1578;motion;0;0
1828;co;0.0026;0.0029
1313;co;0.005;0.005
1878;smoke;0.021;?
2157;light;0;?
2110;lpg;0.0047;0.0051
2934;temp;19.9;6.8
2640;co;0.005;0.005
1193;co;0.005;0.005
568;smoke;0.013000000000000001;0.013999999999999999
793;smoke;0.013000000000000001;0.013999999999999999
779;temp;27.0;?
2757;humidity;51.2;?
655;humidity;50.5;?
589;humidity;50.6;?
1860;lpg;0.0048;0.0051
2826;light;1;?
2778;temp;22.6;22.7
1753;motion;0;0
1823;lpg;0.0068;0.0077
1255;smoke;0.012;0.013999999999999999
1352;temp;19.8;6.8
1011;light;0;?
1236;lpg;0.0077;0.0077
2801;motion;0;0
575;co;0.0028;0.0029
63;temp;19.8;?
377;lpg;0.0051;0.0051
1700;light;1;1
2629;co;0.0049;0.005
2096;humidity;51.2;?
303;light;0;?
2934;humidity;76.6;?
695;humidity;50.7;?
2719;co;0.005;?
2632;light;1;?
1368;smoke;0.012;0.013999999999999999
2787;co;0.0043;?
2157;co;0.005;0.005
931;temp;19.7;6.8
1452;temp;26.9;27.0
1880;lpg;0.0077;0.0077
1795;co;0.0026;0.0029
877;co;0.0044;0.005
2372;light;0;?
405;smoke;0.018000000000000002;0.02
2199;humidity;77.6;?
1509;co;0.0026;0.0029
1976;co;0.005;0.005
1886;co;0.005;0.005
2625;humidity;77.1;?
687;light;1;1
2106;lpg;0.0077;0.0077
2571;lpg;0.0067;?
2524;lpg;0.0077;?
44;temp;22.6;22.7
2129;motion;0;0
1936;temp;22.0;22.7
890;motion;0;0
1202;lpg;0.0077;0.0077
941;device;1c:bf:ce:15:ec:4d;1c:bf:ce:15:ec:4d
2006;temp;22.2;22.6
1894;light;1;1
2940;lpg;0.0068;?
1983;light;0;0
1713;temp;22.5;22.7
1675;motion;0;0
2377;light;1;?
1997;temp;26.9;?
10;device;b8:27:eb:bf:9d:51;b8:27:eb:bf:9d:51
1048;light;1;1
35;light;0;?
2512;smoke;0.012;?
783;co;0.005;0.005
41;humidity;50.9;?
787;lpg;0.0078;0.0077
2208;device;1c:bf:ce:15:ec:4d;1c:bf:ce:15:ec:4d
533;humidity;75.1;?
1438;humidity;77.7;?
2551;lpg;0.0077;?
327;smoke;0.018000000000000002;0.02
627;light;0;?
417;humidity;48.8;?
2769;temp;26.7;?
1584;co;0.005;?
1283;lpg;0.0077;0.0077
534;humidity;50.4;?
1209;humidity;51.2;?
1784;light;1;1
1547;light;0;?
2278;temp;22.5;22.7
2381;co;0.0043;?
2945;motion;0;0
1;humidity;51.0;?
1365;co;0.0051;?
2066;co;0.0042;0.005
1724;motion;0;0
1400;co;0.005;0.005
1847;lpg;0.0077;0.0077
2592;lpg;0.0077;0.0077
1523;smoke;0.02;?
102;co;0.0028;0.0029
2063;smoke;0.02;?
2990;smoke;0.02;?
2554;co;0.0025;?
1881;co;0.0026;0.0029
281;device;1c:bf:ce:15:ec:4d;1c:bf:ce:15:ec:4d
58;smoke;0.013999999999999999;0.013999999999999999
2926;co;0.0041;?
935;temp;22.6;22.7
204;light;0;0
797;device;b8:27:eb:bf:9d:51;b8:27:eb:bf:9d:51
735;motion;0;0
2861;smoke;0.018000000000000002;?
2064;temp;19.6;6.8
435;temp;22.1;22.7
1094;humidity;76.1;?
1781;motion;0;0
2153;light;0;?
760;humidity;50.9;?
1423;motion;0;0
2109;humidity;77.0;?
2649;device;b8:27:eb:bf:9d:51;b8:27:eb:bf:9d:51
1707;device;1c:bf:ce:15:ec:4d;1c:bf:ce:15:ec:4d
1464;motion;0;0
934;smoke;0.013000000000000001;0.013999999999999999
1593;lpg;0.0077;0.0077
2880;lpg;0.0067;?
1058;co;0.005;0.005
1144;humidity;77.6;?
1008;device;b8:27:eb:bf:9d:51;b8:27:eb:bf:9d:51
573;temp;27.0;27.0
1649;device;00:0f:00:70:91:0a;?
1048;motion;0;0
397;humidity;48.9;?
2645;temp;22.6;22.7
1466;motion;0;0
1084;light;0;0
2763;co;0.0042;0.005
2410;lpg;0.0047;0.0051
935;smoke;0.021;?
2023;smoke;0.012;0.013999999999999999
355;light;0;?
1226;lpg;0.0078;0.0077
1525;motion;0;0
2588;device;b8:27:eb:bf:9d:51;b8:27:eb:bf:9d:51
19;smoke;0.019;0.02
670;humidity;50.9;?
2588;motion;0;0
727;temp;22.4;22.7
2256;light;1;1
203;lpg;0.0077;0.0077
2277;lpg;0.0047;0.0051
2483;light;0;0
2589;light;0;?
804;co;0.0027;0.0029
2282;device;b8:27:eb:bf:9d:51;b8:27:eb:bf:9d:51
2723;lpg;0.0046;0.0051
245;temp;27.0;27.0
1657;smoke;0.012;0.013999999999999999
1118;smoke;0.012;0.013999999999999999
2378;temp;22.6;22.7
2437;device;00:0f:00:70:91:0a;?
1700;co;0.0042;0.005
2876;device;b8:27:eb:bf:9d:51;b8:27:eb:bf:9d:51
1973;motion;0;0
200;device;1c:bf:ce:15:ec:4d;1c:bf:ce:15:ec:4d
1172;motion;0;0
230;light;0;0
2716;device;00:0f:00:70:91:0a;?
342;lpg;0.0077;0.0077
2518;motion;0;0
1968;motion;0;0
861;device;1c:bf:ce:15:ec:4d;1c:bf:ce:15:ec:4d
1177;device;b8:27:eb:bf:9d:51;b8:27:eb:bf:9d:51
2354;light;0;0
629;humidity;51.4;?
1489;smoke;0.018000000000000002;0.02
1678;humidity;50.5;?
2196;device;1c:bf:ce:15:ec:4d;1c:bf:ce:15:ec:4d
874;temp;26.9;27.0
566;temp;27.0;27.0
107;co;0.005;0.005
1615;lpg;0.0048;0.0051
952;light;0;?
158;motion;0;0
1584;humidity;51.2;?
2270;co;0.0025;?
2919;co;0.0041;?
1725;motion;0;0
83;co;0.0029;0.0029
1798;co;0.0026;?
417;lpg;0.0077;0.0077
444;device;b8:27:eb:bf:9d:51;b8:27:eb:bf:9d:51
2225;temp;19.6;6.8
111;lpg;0.0051;0.0051
2043;lpg;0.0068;0.0077
1887;lpg;0.0069;0.0077
1687;device;b8:27:eb:bf:9d:51;b8:27:eb:bf:9d:51
400;device;00:0f:00:70:91:0a;?
1223;co;0.0051;?
2587;smoke;0.018000000000000002;?
1115;lpg;0.0048;0.0051
2148;temp;22.4;22.7
1690;temp;22.6;22.7
1904;temp;26.9;27.0
2591;temp;22.6;22.7
1862;lpg;0.0068;0.0077
1265;co;0.0051;?
1549;temp;26.9;27.0
2012;motion;0;0
1328;light;1;?
1975;smoke;0.012;0.013999999999999999
270;temp;22.6;22.7
1056;light;0;0
2301;lpg;0.0077;0.0077
2920;motion;0;0
1374;device;00:0f:00:70:91:0a;?
1130;device;b8:27:eb:bf:9d:51;b8:27:eb:bf:9d:51
2631;co;0.005;?
1315;lpg;0.0069;0.0077
1067;humidity;78.4;?
664;motion;0;0
2436;light;1;1
30;lpg;0.0076;0.0077
79;motion;0;0
255;co;0.005;0.005
981;motion;0;0
667;lpg;0.006999999999999999;0.0077
1578;smoke;0.012;0.013999999999999999
2331;lpg;0.0047;?
2032;temp;26.8;27.0
1939;light;0;0
368;lpg;0.0051;0.0051
684;device;b8:27:eb:bf:9d:51;b8:27:eb:bf:9d:51
386;lpg;0.0077;0.0077
2785;smoke;0.012;?
381;temp;19.6;6.8
2272;smoke;0.018000000000000002;0.02
2639;lpg;0.0046;?
825;motion;0;0
2245;temp;19.7;6.8
349;motion;0;0
487;co;0.0042;0.005
801;temp;19.6;6.8
187;temp;19.8;6.8
80;smoke;0.013000000000000001;0.013999999999999999
625;device;00:0f:00:70:91:0a;?
32;light;0;?
1680;device;1c:bf:ce:15:ec:4d;1c:bf:ce:15:ec:4d
653;temp;22.3;?
1243;light;0;?
2431;lpg;0.0068;?
1981;co;0.005;0.005
131;co;0.0028;0.0029
415;smoke;0.021;?
2761;device;00:0f:00:70:91:0a;?
32;motion;0;0
1835;humidity;78.1;?
548;light;0;?
2738;humidity;76.5;?
1579;temp;22.7;22.7
2040;humidity;77.9;?
1049;light;0;0
1492;lpg;0.0077;0.0077
67;light;1;1
1084;smoke;0.013000000000000001;0.013999999999999999
2091;lpg;0.0048;?
2159;device;00:0f:00:70:91:0a;?
1106;co;0.0027;0.0029
2777;device;00:0f:00:70:91:0a;?
2792;co;0.0024;?
2044;device;00:0f:00:70:91:0a;?
2257;motion;0;0
219;lpg;0.005;0.0051
2518;light;0;0
882;motion;0;0
1095;motion;0;0
1553;temp;19.8;6.8
942;light;0;0
1200;humidity;76.2;?
28;co;0.0049;0.005
1342;light;0;0
1540;device;b8:27:eb:bf:9d:51;b8:27:eb:bf:9d:51
309;motion;0;0
2250;humidity;77.9;?
2085;light;0;?
1458;lpg;0.0077;0.0077
1684;motion;0;0
2504;humidity;51.3;?
2833;device;b8:27:eb:bf:9d:51;b8:27:eb:bf:9d:51
1776;lpg;0.0048;0.0051
745;device;b8:27:eb:bf:9d:51;b8:27:eb:bf:9d:51
1252;humidity;78.6;?
818;humidity;51.1;?
1917;temp;22.0;22.7
624;co;0.005;0.005
72;smoke;0.013000000000000001;0.013999999999999999
61;device;b8:27:eb:bf:9d:51;b8:27:eb:bf:9d:51
2544;device;b8:27:eb:bf:9d:51;b8:27:eb:bf:9d:51
2900;lpg;0.0045;0.0051
1856;motion;0;0
1754;co;0.0042;0.005
648;humidity;77.9;?
2872;temp;19.9;6.8
121;motion;0;0
162;humidity;76.1;?
1556;co;0.0026;0.0029
1014;lpg;0.0077;0.0077
2120;lpg;0.0067;?
1618;smoke;0.021;?
1711;device;00:0f:00:70:91:0a;?
569;device;b8:27:eb:bf:9d:51;b8:27:eb:bf:9d:51
2098;co;0.005;0.005
859;co;0.0051;0.005
884;device;1c:bf:ce:15:ec:4d;1c:bf:ce:15:ec:4d
1372;device;00:0f:00:70:91:0a;?
1980;device;b8:27:eb:bf:9d:51;b8:27:eb:bf:9d:51
623;motion;0;0
2287;device;b8:27:eb:bf:9d:51;b8:27:eb:bf:9d:51
2165;temp;22.4;22.7
2482;motion;0;0
537;humidity;50.5;?
2221;temp;22.5;22.7
111;humidity;76.1;?
759;co;0.0027;0.0029
637;temp;19.5;6.8
2828;smoke;0.012;0.013999999999999999
516;light;0;0
1005;lpg;0.0048;?
584;smoke;0.021;?
2941;smoke;0.02;?
1562;motion;0;0
699;light;0;?
1319;motion;0;0
338;lpg;0.0051;?
481;lpg;0.0077;0.0077
2371;lpg;0.0077;0.0077
1187;light;0;?
1300;lpg;0.0068;0.0077
10;co;0.005;0.005
2322;smoke;0.021;?
1495;lpg;0.0077;0.0077
2970;device;b8:27:eb:bf:9d:51;?
538;co;0.0043;0.005
2878;co;0.0049;?
1923;temp;26.9;27.0
1668;co;0.005;0.005
1454;smoke;0.012;?
1780;temp;19.6;6.8
638;light;0;?
2970;motion;0;0
1757;device;b8:27:eb:bf:9d:51;b8:27:eb:bf:9d:51
59;smoke;0.02;?
103;device;b8:27:eb:bf:9d:51;b8:27:eb:bf:9d:51
2793;device;b8:27:eb:bf:9d:51;b8:27:eb:bf:9d:51
1591;motion;0;0
2751;temp;22.7;22.7
586;light;0;?
1904;smoke;0.018000000000000002;0.02
784;light;1;1
1582;co;0.0043;0.005
2284;light;0;?
2118;device;b8:27:eb:bf:9d:51;b8:27:eb:bf:9d:51
1453;humidity;51.1;?
2774;co;0.0025;?
2951;humidity;51.4;?
426;humidity;48.8;?
1395;motion;0;0
2622;light;0;?
2009;humidity;75.4;?
1238;lpg;0.0077;0.0077
206;motion;0;0
2177;co;0.005;0.005
1456;light;1;1
1446;motion;0;0
767;motion;0;0
1199;device;1c:bf:ce:15:ec:4d;1c:bf:ce:15:ec:4d
1031;smoke;0.021;?
1710;light;0;?
1607;smoke;0.012;0.013999999999999999
2561;humidity;75.7;?
434;motion;0;0
2621;device;1c:bf:ce:15:ec:4d;?
1275;humidity;76.3;?
669;smoke;0.019;0.02
1468;temp;26.9;27.0
681;co;0.0051;0.005
2098;device;b8:27:eb:bf:9d:51;b8:27:eb:bf:9d:51
1651;co;0.005;0.005
2258;smoke;0.021;?
675;smoke;0.018000000000000002;0.02
780;smoke;0.021;?
1187;humidity;51.1;?
130;light;1;1
2743;humidity;76.5;?
1629;humidity;51.2;?
2382;temp;19.7;6.8
2105;device;00:0f:00:70:91:0a;?
459;temp;19.5;6.8
263;temp;22.6;22.7
862;temp;22.5;?
2001;smoke;0.012;?
407;lpg;0.0051;?
1384;motion;0;0
2379;smoke;0.012;?
1365;smoke;0.021;0.02
1878;temp;22.0;22.7
853;smoke;0.013000000000000001;0.013999999999999999
2371;motion;0;0
802;motion;0;0
2086;smoke;0.018000000000000002;0.02
2855;motion;0;0
1669;motion;0;0
2674;smoke;0.02;?
1074;temp;26.9;27.0
2464;motion;0;0
840;temp;22.5;22.7
1149;co;0.0026;0.0029
2107;device;1c:bf:ce:15:ec:4d;1c:bf:ce:15:ec:4d
1312;co;0.0026;?
1728;lpg;0.0068;0.0077
2554;motion;0;0
555;smoke;0.021;0.02
2415;smoke;0.021;?
2456;smoke;0.02;?
613;lpg;0.0051;?
1593;motion;0;0
2973;temp;22.7;22.7
554;smoke;0.018000000000000002;0.02
1482;smoke;0.021;?
2973;device;b8:27:eb:bf:9d:51;b8:27:eb:bf:9d:51
2978;lpg;0.0076;?
2999;light;0;?
288;light;1;1
181;co;0.005;0.005
2855;temp;22.7;22.7
944;lpg;0.0048;0.0051
160;lpg;0.0077;0.0077
2484;humidity;73.0;?
482;device;00:0f:00:70:91:0a;?
578;light;1;1
539;device;b8:27:eb:bf:9d:51;?
891;co;0.0042;0.005
2039;temp;19.5;6.8
1405;lpg;0.0077;0.0077
2729;motion;0;0
2667;motion;0;0
2804;co;0.0024;?
2027;smoke;0.018000000000000002;0.02
452;motion;0;0
2742;temp;22.6;22.7
1318;temp;19.7;6.8
946;lpg;0.0078;0.0077
2229;smoke;0.012;0.013999999999999999
2583;humidity;51.3;?
1061;smoke;0.013000000000000001;0.013999999999999999
2798;humidity;51.2;?
2034;lpg;0.0068;0.0077
2535;co;0.0042;?
2022;lpg;0.0077;0.0077
408;lpg;0.0077;0.0077
1231;smoke;0.018000000000000002;?
2342;smoke;0.02;?
1395;humidity;76.3;?
683;smoke;0.019;0.02
1753;temp;22.4;22.7
528;lpg;0.0069;0.0077
1212;temp;26.9;27.0
1289;temp;22.6;22.7
1935;lpg;0.0068;0.0077
2743;co;0.0024;0.0029
710;lpg;0.0069;0.0077
314;smoke;0.02;0.02
1524;light;0;0
860;smoke;0.013000000000000001;0.013999999999999999
345;humidity;49.3;?
2869;temp;19.8;6.8
975;lpg;0.0048;?
2890;co;0.0024;0.0029
2181;light;0;?
1560;co;0.005;0.005
2186;temp;22.4;22.7
2040;co;0.0042;0.005
2804;device;00:0f:00:70:91:0a;?
1595;motion;0;0
1780;lpg;0.0048;0.0051
2369;co;0.0025;?
1633;smoke;0.018000000000000002;0.02
2021;temp;26.8;27.0
2292;co;0.0025;0.0029
572;smoke;0.021;?
419;light;0;?
1648;humidity;51.1;?
15;light;0;?
1588;light;0;?
712;motion;0;0
1714;temp;19.7;6.8
1056;temp;22.6;22.7
416;light;0;0
1947;motion;0;0
2196;motion;0;0
609;humidity;77.9;?
695;smoke;0.021;?
498;humidity;74.9;?
755;smoke;0.021;?
2875;device;00:0f:00:70:91:0a;?
2435;smoke;0.021;?
738;motion;0;0
883;motion;0;0
2135;temp;22.4;22.7
545;device;1c:bf:ce:15:ec:4d;?
2454;co;0.0025;0.0029
2865;co;0.0024;?
2837;motion;0;0
731;humidity;77.9;?
1709;temp;19.7;6.8
1536;device;b8:27:eb:bf:9d:51;b8:27:eb:bf:9d:51
336;smoke;0.018000000000000002;0.02
5;smoke;0.02;0.02
1985;temp;19.5;6.8
2393;smoke;0.012;0.013999999999999999
79;lpg;0.0071;0.0077
910;humidity;51.1;?
2468;light;0;?
818;temp;22.5;?
2778;device;b8:27:eb:bf:9d:51;b8:27:eb:bf:9d:51
1557;smoke;0.021;?
2749;motion;0;0
1396;co;0.005;0.005
772;temp;22.4;22.7
609;co;0.0044;0.005
2709;device;00:0f:00:70:91:0a;?
562;device;1c:bf:ce:15:ec:4d;1c:bf:ce:15:ec:4d
2739;co;0.0024;?
2066;temp;26.8;27.0
1882;co;0.0043;0.005
1098;device;b8:27:eb:bf:9d:51;b8:27:eb:bf:9d:51
136;motion;0;0
886;humidity;51.1;?
553;motion;0;0
2545;light;1;?
1975;humidity;75.4;?
1860;temp;19.5;6.8
1092;temp;26.9;27.0
834;light;0;?
1332;smoke;0.012;0.013999999999999999
2789;motion;0;0
54;device;00:0f:00:70:91:0a;?
848;light;1;1
558;light;1;1
1118;motion;0;0
1529;temp;19.8;6.8
1523;motion;0;0
1750;lpg;0.0068;0.0077
1286;humidity;51.2;?
550;motion;0;0
335;light;0;0
758;lpg;0.0071;0.0077
101;temp;22.6;22.7
652;smoke;0.013000000000000001;0.013999999999999999
2742;smoke;0.02;?
1986;motion;0;0
1913;temp;22.0;22.7
2750;smoke;0.02;?
2343;humidity;77.6;?
2189;co;0.005;0.005
2736;temp;19.8;6.8
1230;motion;0;0
87;motion;0;0
2849;light;1;?
521;light;0;0
1448;light;0;?
2207;co;0.005;0.005
2824;co;0.0024;?
2692;light;1;?
1949;device;00:0f:00:70:91:0a;?
1618;light;0;0
198;lpg;0.0071;0.0077
937;smoke;0.021;?
2634;light;0;0
2706;temp;22.7;22.7
1520;light;0;?
2162;lpg;0.0077;0.0077
901;temp;19.6;6.8
1110;lpg;0.0069;0.0077
241;lpg;0.0077;0.0077
2198;light;0;0
103;light;0;?
1643;motion;0;0
848;smoke;0.018000000000000002;0.02
2123;light;1;1
825;smoke;0.021;?
691;humidity;78.8;?
1459;smoke;0.018000000000000002;0.02
2205;motion;0;0
2179;humidity;75.6;?
467;lpg;0.0077;0.0077
173;motion;0;0
911;temp;27.0;27.0
1827;lpg;0.0077;0.0077
150;lpg;0.0077;0.0077
320;humidity;78.0;?
2192;lpg;0.006999999999999999;0.0077
2944;light;1;1
1215;device;b8:27:eb:bf:9d:51;b8:27:eb:bf:9d:51
1493;motion;0;0
781;motion;0;0
2876;motion;0;0
2843;humidity;51.3;?
474;device;b8:27:eb:bf:9d:51;b8:27:eb:bf:9d:51
118;lpg;0.0051;0.0051
2840;motion;0;0
2231;motion;0;0
2383;humidity;51.2;?
105;humidity;78.0;?
1909;motion;0;0
1909;lpg;0.0048;0.0051
1905;temp;19.5;6.8
2552;motion;0;0
1541;lpg;0.0069;0.0077
1612;temp;19.8;?
2255;humidity;51.3;?
687;motion;0;0
1276;co;0.005;0.005
60;smoke;0.019;0.02
1428;temp;19.8;?
1664;device;b8:27:eb:bf:9d:51;b8:27:eb:bf:9d:51
183;motion;0;0
854;humidity;51.1;?
2074;light;0;?
1610;lpg;0.0068;0.0077
2549;device;b8:27:eb:bf:9d:51;?
704;lpg;0.0051;?
896;device;00:0f:00:70:91:0a;?
1000;light;1;1
983;temp;22.6;22.7
110;temp;22.7;22.7
1839;device;b8:27:eb:bf:9d:51;b8:27:eb:bf:9d:51
281;light;1;1
1060;motion;0;0
2629;humidity;51.2;?
2037;co;0.0042;0.005
788;motion;0;0
1277;humidity;76.3;?
1148;device;b8:27:eb:bf:9d:51;b8:27:eb:bf:9d:51
1876;humidity;77.8;?
319;light;0;?
187;device;00:0f:00:70:91:0a;?
516;smoke;0.02;?
2841;motion;0;0
2858;motion;0;0
1116;motion;0;0
1601;smoke;0.018000000000000002;0.02
555;humidity;50.6;?
2182;smoke;0.018000000000000002;0.02
297;device;00:0f:00:70:91:0a;?
2791;light;1;1
307;motion;0;0
1843;co;0.005;0.005
994;temp;22.6;22.7
777;light;0;0
677;light;0;?
176;lpg;0.0077;0.0077
2509;co;0.0026;0.0029
2552;smoke;0.02;?
1057;lpg;0.0048;?
1993;co;0.0042;0.005
1913;smoke;0.021;?
1822;smoke;0.012;0.013999999999999999
1465;motion;0;0
1131;device;1c:bf:ce:15:ec:4d;?
831;light;0;?
821;temp;22.5;22.7
308;smoke;0.018000000000000002;0.02
2281;lpg;0.0068;0.0077
2071;co;0.0043;0.005
2977;lpg;0.0068;?
2407;co;0.0042;0.005
1535;humidity;51.2;?
1901;temp;22.0;22.7
2791;temp;26.7;?
2569;lpg;0.0046;?
1626;temp;26.9;27.0
599;device;00:0f:00:70:91:0a;00:0f:00:70:91:0a
143;humidity;51.0;?
2743;device;00:0f:00:70:91:0a;?
1857;device;1c:bf:ce:15:ec:4d;1c:bf:ce:15:ec:4d
811;humidity;75.8;?
1262;device;1c:bf:ce:15:ec:4d;1c:bf:ce:15:ec:4d
1981;humidity;50.7;?
655;motion;0;0
1137;motion;0;0
327;humidity;77.9;?
193;temp;22.7;22.7
1732;humidity;75.2;?
2638;lpg;0.0067;?
2768;smoke;0.02;?
2324;motion;0;0
171;temp;22.7;22.7
84;co;0.0045;0.005
513;co;0.0042;0.005
514;motion;0;0
408;light;0;?
1464;humidity;51.2;?
2452;device;1c:bf:ce:15:ec:4d;?
309;temp;22.5;22.7
2860;smoke;0.012;?
1472;humidity;77.9;?
1462;motion;0;0
2025;smoke;0.018000000000000002;0.02
1874;humidity;49.0;?
2202;light;0;?
2544;temp;22.6;22.7
295;light;0;?
1773;humidity;74.5;?
1090;lpg;0.0048;?
1611;smoke;0.021;?
1707;smoke;0.018000000000000002;0.02
2358;motion;0;0
627;smoke;0.021;0.02
2715;co;0.0049;?
2823;light;1;1
2797;motion;0;0
2293;temp;22.5;22.7
2546;temp;19.8;6.8
1437;co;0.0026;0.0029
1514;motion;0;0
677;device;b8:27:eb:bf:9d:51;b8:27:eb:bf:9d:51
2828;light;0;0
2696;motion;0;0
642;motion;0;0
2832;smoke;0.012;?
1363;lpg;0.0077;0.0077
2678;device;1c:bf:ce:15:ec:4d;?
666;humidity;50.7;?
1546;smoke;0.018000000000000002;0.02
211;light;0;0
702;smoke;0.021;?
2044;motion;0;0
1172;temp;22.6;22.7
297;light;0;0
38;co;0.0029;0.0029
2465;co;0.005;?
2622;lpg;0.0045;?
2273;humidity;75.8;?
893;temp;22.5;22.7
2828;lpg;0.0045;0.0051
340;co;0.0028;0.0029
1522;motion;0;0
2912;motion;0;0
1601;lpg;0.006999999999999999;0.0077
867;temp;27.0;27.0
1628;temp;19.8;6.8
1787;humidity;49.1;?
1585;device;00:0f:00:70:91:0a;?
537;motion;0;0
1845;humidity;77.9;?
1431;co;0.0026;0.0029
1718;lpg;0.0077;0.0077
865;co;0.0043;0.005
2274;motion;0;0
1160;humidity;76.1;?
2703;motion;0;0
549;light;1;1
2868;motion;0;0
371;temp;22.3;22.7
2898;co;0.0045;0.005
2244;smoke;0.02;?
1610;co;0.0042;0.005
493;co;0.0042;0.005
1175;lpg;0.0078;0.0077
11;humidity;50.9;?
165;lpg;0.0051;0.0051
1109;motion;0;0
959;device;1c:bf:ce:15:ec:4d;1c:bf:ce:15:ec:4d
654;lpg;0.0069;0.0077
1839;lpg;0.0077;0.0077
2670;humidity;76.5;?
1850;device;b8:27:eb:bf:9d:51;b8:27:eb:bf:9d:51
517;device;1c:bf:ce:15:ec:4d;1c:bf:ce:15:ec:4d
469;co;0.0028;0.0029
1704;lpg;0.0077;0.0077
2927;motion;0;0
2899;light;0;?
2754;light;1;?
1645;lpg;0.0048;?
566;motion;0;0
1939;smoke;0.021;?
2223;co;0.0043;0.005
285;humidity;50.2;?
997;temp;22.6;22.7
1396;device;b8:27:eb:bf:9d:51;b8:27:eb:bf:9d:51
2610;motion;0;0
310;device;b8:27:eb:bf:9d:51;b8:27:eb:bf:9d:51
2794;light;1;?
68;device;b8:27:eb:bf:9d:51;b8:27:eb:bf:9d:51
379;temp;27.0;27.0
2644;smoke;0.02;?
1477;light;0;?
264;humidity;78.8;?
2717;co;0.005;?
1312;lpg;0.0048;?
1905;device;00:0f:00:70:91:0a;?
2086;temp;26.8;27.0
2842;co;0.005;0.0051
2675;lpg;0.0068;?
1935;humidity;78.2;?
2607;co;0.0025;?
90;lpg;0.0052;0.0051
1358;light;0;?
1653;smoke;0.021;?
2415;light;0;0
1153;lpg;0.0069;0.0077
242;motion;0;0
230;smoke;0.02;?
1739;motion;0;0
717;device;1c:bf:ce:15:ec:4d;1c:bf:ce:15:ec:4d
2779;smoke;0.018000000000000002;?
1025;light;1;1
1853;smoke;0.02;?
523;lpg;0.0051;0.0051
2438;temp;22.6;22.7
254;temp;19.7;6.8
1374;temp;19.8;?
2907;temp;26.7;?
356;humidity;74.8;?
920;light;1;?
1907;co;0.0042;0.005
1524;smoke;0.012;0.013999999999999999
2834;light;1;?
881;motion;0;0
257;light;1;1
2211;device;1c:bf:ce:15:ec:4d;1c:bf:ce:15:ec:4d
850;co;0.0027;0.0029
447;co;0.005;0.005
1621;smoke;0.021;?
2293;co;0.005;0.005
168;device;b8:27:eb:bf:9d:51;b8:27:eb:bf:9d:51
1837;device;1c:bf:ce:15:ec:4d;1c:bf:ce:15:ec:4d
756;smoke;0.013000000000000001;0.013999999999999999
2248;light;0;?
2409;motion;0;0
69;temp;27.0;27.0
2102;co;0.0026;0.0029
1054;motion;0;0
420;lpg;0.0069;0.0077
928;device;b8:27:eb:bf:9d:51;b8:27:eb:bf:9d:51
121;device;b8:27:eb:bf:9d:51;b8:27:eb:bf:9d:51
1434;motion;0;0
762;co;0.0027;0.0029
229;light;0;?
128;smoke;0.02;?
1808;lpg;0.0077;0.0077
1796;device;1c:bf:ce:15:ec:4d;1c:bf:ce:15:ec:4d
1836;co;0.005;0.005
2452;humidity;77.7;?
2719;light;0;?
1740;lpg;0.0068;0.0077
2447;smoke;0.02;?
819;co;0.0044;0.005
2848;smoke;0.02;?
324;lpg;0.0077;0.0077
2057;light;0;0
2826;temp;26.7;?
2151;smoke;0.018000000000000002;0.02
392;motion;0;0
774;motion;0;0
1095;humidity;51.1;?
1191;motion;0;0
1272;light;0;?
2979;light;0;?
733;motion;0;0
1359;device;00:0f:00:70:91:0a;?
2265;device;00:0f:00:70:91:0a;?
1846;light;0;?
1817;device;b8:27:eb:bf:9d:51;b8:27:eb:bf:9d:51
2663;lpg;0.0077;?
1828;temp;19.6;6.8
1526;motion;0;0
739;light;0;?
2318;smoke;0.021;?
126;light;0;?
1804;light;0;?
2189;smoke;0.021;?
175;temp;27.0;27.0
116;co;0.0044;0.005
2426;lpg;0.0077;0.0077
2011;humidity;50.8;?
2372;temp;19.7;?
67;humidity;79.1;?
542;motion;0;0
2882;temp;19.9;6.8
2040;temp;26.8;27.0
2783;motion;0;0
15;temp;22.6;22.7
2342;temp;22.5;22.7
2278;smoke;0.021;?
1529;light;0;0
363;smoke;0.018000000000000002;0.02
1703;lpg;0.0068;0.0077
1614;device;1c:bf:ce:15:ec:4d;1c:bf:ce:15:ec:4d
2672;smoke;0.018000000000000002;?
328;humidity;49.4;?
598;light;1;1
318;light;1;1
2078;light;1;1
2412;lpg;0.0077;0.0077
2566;temp;19.8;6.8
2865;motion;0;0
1349;smoke;0.021;?
2901;device;b8:27:eb:bf:9d:51;b8:27:eb:bf:9d:51
1081;lpg;0.0077;0.0077
1629;motion;0;0
1979;co;0.0042;0.005
112;light;1;1
2442;light;0;?
2019;lpg;0.0077;0.0077
74;humidity;78.3;?
93;lpg;0.0051;0.0051
492;lpg;0.0077;0.0077
2980;device;b8:27:eb:bf:9d:51;b8:27:eb:bf:9d:51
1263;smoke;0.021;?
1814;lpg;0.0068;0.0077
2668;humidity;76.6;?
252;smoke;0.019;0.02
175;motion;0;0
953;co;0.0043;0.005
1632;light;0;0
1474;lpg;0.0077;0.0077
1475;humidity;51.2;?
1028;humidity;51.1;?
2136;motion;0;0
2555;smoke;0.02;?
933;light;1;1
1486;device;b8:27:eb:bf:9d:51;b8:27:eb:bf:9d:51
1852;device;00:0f:00:70:91:0a;?
208;light;0;0
2104;humidity;77.6;?
1189;smoke;0.021;?
2240;smoke;0.018000000000000002;0.02
2179;temp;19.6;?
2068;light;0;?
531;temp;27.0;27.0
1998;smoke;0.012;0.013999999999999999
2268;temp;22.5;22.7
533;light;0;0
616;humidity;51.0;?
1752;smoke;0.018000000000000002;0.02
395;temp;27.0;27.0
597;smoke;0.021;?
1633;lpg;0.0068;0.0077
1640;temp;26.9;27.0
30;device;b8:27:eb:bf:9d:51;b8:27:eb:bf:9d:51
2580;humidity;76.3;?
599;smoke;0.013000000000000001;0.013999999999999999
102;light;0;0
2777;motion;0;0
512;humidity;50.0;?
1672;device;00:0f:00:70:91:0a;?
2701;device;00:0f:00:70:91:0a;?
1822;device;00:0f:00:70:91:0a;?
1849;humidity;77.8;?
869;smoke;0.021;?
1159;co;0.005;0.005
787;device;b8:27:eb:bf:9d:51;b8:27:eb:bf:9d:51
1721;light;0;?
424;temp;27.0;27.0
1900;temp;22.1;22.7
1690;lpg;0.0078;0.0077
1402;temp;19.8;6.8
1024;light;0;0
1286;smoke;0.021;?
2633;co;0.005;?
2977;co;0.0042;?
2051;lpg;0.0077;0.0077
678;co;0.0028;0.0029
1140;motion;0;0
1302;humidity;77.6;?
1134;motion;0;0
1558;temp;26.9;27.0
1011;temp;22.6;22.7
568;device;00:0f:00:70:91:0a;?
1559;light;0;?
418;smoke;0.013000000000000001;0.013999999999999999
2444;smoke;0.02;?
2714;light;1;1
1073;temp;19.7;6.8
1279;light;0;?
2837;smoke;0.018000000000000002;?
57;humidity;50.9;?
1117;co;0.005;0.005
917;lpg;0.0078;0.0077
2193;temp;22.4;?
1274;co;0.0051;?
2478;humidity;74.4;?
1629;temp;22.6;22.7
1458;device;b8:27:eb:bf:9d:51;b8:27:eb:bf:9d:51
2227;temp;22.5;22.7
2269;smoke;0.018000000000000002;0.02
2455;co;0.0042;0.005
2316;light;0;?
1665;co;0.005;0.005
2767;smoke;0.012;0.013999999999999999
2836;co;0.005;?
1639;lpg;0.0048;0.0051
1546;co;0.0043;0.005
2021;smoke;0.018000000000000002;0.02
2463;temp;22.6;22.7
347;lpg;0.0077;0.0077
1761;temp;26.9;27.0
2698;device;00:0f:00:70:91:0a;?
390;lpg;0.0077;0.0077
2205;smoke;0.018000000000000002;0.02
738;smoke;0.021;?
150;humidity;51.0;?
1906;co;0.005;0.005
1601;co;0.0043;0.005
587;device;b8:27:eb:bf:9d:51;b8:27:eb:bf:9d:51
1188;temp;19.7;6.8
137;temp;27.0;?
884;smoke;0.018000000000000002;0.02
2720;lpg;0.0076;0.0077
672;humidity;75.4;?
1121;humidity;76.2;?
2243;co;0.0044;0.005
2997;light;1;?
711;humidity;50.8;?
390;temp;22.3;22.7
808;light;0;?
1572;humidity;51.2;?
2826;co;0.0043;?
850;lpg;0.0049;0.0051
2052;smoke;0.021;?
151;motion;0;0
725;light;0;?
2697;lpg;0.0077;?
316;humidity;49.7;?
2465;light;0;?
1101;light;1;1
2099;device;b8:27:eb:bf:9d:51;b8:27:eb:bf:9d:51
1174;co;0.0026;0.0029
515;motion;0;0
1170;co;0.0043;0.005
2130;lpg;0.0077;0.0077
660;motion;0;0
20;lpg;0.0077;0.0077
159;smoke;0.013000000000000001;0.013999999999999999
610;light;0;?
1794;smoke;0.021;?
2081;humidity;51.2;?
885;smoke;0.013000000000000001;0.013999999999999999
1581;temp;22.7;22.7
185;lpg;0.0071;0.0077
959;temp;27.0;27.0
1257;device;1c:bf:ce:15:ec:4d;1c:bf:ce:15:ec:4d
1902;light;0;?
2554;light;0;?
1950;lpg;0.0077;0.0077
565;lpg;0.0077;?
99;device;00:0f:00:70:91:0a;?
2696;light;0;?
1991;device;b8:27:eb:bf:9d:51;b8:27:eb:bf:9d:51
364;device;b8:27:eb:bf:9d:51;b8:27:eb:bf:9d:51
1952;motion;0;0
2989;lpg;0.0068;0.0077
2857;humidity;76.6;?
1338;motion;0;0
193;lpg;0.0077;0.0077
233;lpg;0.0077;0.0077
600;motion;0;0
1263;humidity;51.1;?
1978;motion;0;0
1995;temp;19.5;6.8
289;motion;0;0
2987;temp;22.7;22.7
1466;light;0;0
47;humidity;76.0;?
2112;smoke;0.018000000000000002;0.02
201;motion;0;0
647;smoke;0.021;?
109;light;1;1
1294;humidity;76.1;?
1392;lpg;0.0048;0.0051
2293;humidity;51.3;?
1162;smoke;0.021;?
857;light;0;?
367;motion;0;0
547;light;0;0
2895;light;1;?
175;smoke;0.018000000000000002;0.02
103;lpg;0.0076;0.0077
904;device;b8:27:eb:bf:9d:51;b8:27:eb:bf:9d:51
1599;temp;22.7;22.7
1452;co;0.0042;0.005
2900;co;0.0023;0.0029
1480;smoke;0.021;?
2678;smoke;0.018000000000000002;?
1914;device;1c:bf:ce:15:ec:4d;1c:bf:ce:15:ec:4d
1149;humidity;76.1;?
1034;humidity;76.2;?
1159;humidity;51.1;?
1672;motion;0;0
2871;motion;0;0
2673;humidity;76.4;?
936;co;0.0026;0.0029
2418;temp;26.8;?
1842;lpg;0.0048;0.0051
1093;co;0.0051;0.005
708;motion;0;0
8;motion;0;0
2301;humidity;51.3;?
2677;humidity;51.3;?
1250;motion;0;0
812;light;1;?
1047;motion;0;0
2534;device;b8:27:eb:bf:9d:51;b8:27:eb:bf:9d:51
1769;light;0;0
1180;light;0;0
183;light;0;0
2326;lpg;0.0047;0.0051
1185;light;1;?
471;smoke;0.018000000000000002;0.02
65;smoke;0.021;0.02
102;humidity;76.1;?
383;temp;27.0;27.0
1200;device;00:0f:00:70:91:0a;?
2696;lpg;0.0046;?
2776;co;0.0042;?
2270;motion;0;0
2408;lpg;0.0077;?
2330;humidity;51.3;?
2449;light;0;0
2126;lpg;0.0067;0.0077
2983;co;0.0049;0.005
2175;device;b8:27:eb:bf:9d:51;b8:27:eb:bf:9d:51
1744;co;0.005;0.005
2000;device;1c:bf:ce:15:ec:4d;1c:bf:ce:15:ec:4d
1819;device;00:0f:00:70:91:0a;?
1618;temp;22.6;22.7
2509;temp;19.7;6.8
2614;smoke;0.02;?
2830;light;0;?
1346;co;0.005;0.005
1889;light;0;?
901;co;0.0027;0.0029
1002;smoke;0.013000000000000001;0.013999999999999999
802;smoke;0.021;?
3;motion;0;0
1147;co;0.0042;0.005
1599;device;b8:27:eb:bf:9d:51;b8:27:eb:bf:9d:51
2376;humidity;51.2;?
1846;smoke;0.012;0.013999999999999999
1383;co;0.0042;0.005
1097;co;0.0026;0.0029
1144;motion;0;0
36;co;0.005;0.005
2639;co;0.0024;?
877;device;1c:bf:ce:15:ec:4d;1c:bf:ce:15:ec:4d
1370;smoke;0.021;?
1728;smoke;0.018000000000000002;0.02
106;motion;0;0
2395;co;0.0025;?
2999;motion;0;0
334;smoke;0.013000000000000001;0.013999999999999999
1008;smoke;0.021;?
2376;co;0.0049;?
936;smoke;0.012;0.013999999999999999
157;smoke;0.021;?
2144;device;1c:bf:ce:15:ec:4d;1c:bf:ce:15:ec:4d
2950;humidity;51.3;?
2002;co;0.005;0.005
1676;light;0;0
945;smoke;0.018000000000000002;0.02
1567;temp;19.8;6.8
9;temp;27.0;27.0
2107;humidity;77.6;?
2553;humidity;76.0;?
2521;co;0.005;?
2963;co;0.0042;?
1430;smoke;0.018000000000000002;0.02
1879;lpg;0.0048;0.0051
2855;smoke;0.02;?
1001;temp;22.6;22.7
1259;co;0.005;0.005
2646;device;1c:bf:ce:15:ec:4d;1c:bf:ce:15:ec:4d
1370;temp;22.6;22.7
98;motion;0;0
1575;temp;19.8;6.8
1472;co;0.0042;0.005
2300;device;1c:bf:ce:15:ec:4d;1c:bf:ce:15:ec:4d
1529;motion;0;0
2658;light;0;0
665;smoke;0.013000000000000001;0.013999999999999999
1510;motion;0;0
2555;lpg;0.0077;?
927;smoke;0.013000000000000001;0.013999999999999999
1299;smoke;0.012;0.013999999999999999
2789;device;b8:27:eb:bf:9d:51;b8:27:eb:bf:9d:51
641;smoke;0.021;?
2242;light;0;?
1570;device;1c:bf:ce:15:ec:4d;1c:bf:ce:15:ec:4d
823;motion;0;0
2329;light;1;?
866;humidity;51.1;?
521;smoke;0.021;?
2476;light;0;?
1286;temp;22.7;22.7
2089;device;b8:27:eb:bf:9d:51;b8:27:eb:bf:9d:51
827;motion;0;0
1442;motion;0;0
2835;temp;22.6;22.7
1244;motion;0;0
1337;temp;22.6;22.7
294;smoke;0.02;?
1589;device;1c:bf:ce:15:ec:4d;1c:bf:ce:15:ec:4d
520;humidity;49.8;?
1881;smoke;0.012;0.013999999999999999
605;co;0.0043;0.005
1976;light;0;?
112;device;1c:bf:ce:15:ec:4d;1c:bf:ce:15:ec:4d
376;light;1;1
2000;lpg;0.0068;0.0077
1323;smoke;0.012;0.013999999999999999
2491;smoke;0.02;?
1502;motion;0;0
1303;device;00:0f:00:70:91:0a;?
2724;device;b8:27:eb:bf:9d:51;?
2070;smoke;0.012;0.013999999999999999
441;lpg;0.0077;0.0077
17;lpg;0.0077;0.0077
1418;lpg;0.0048;?
1229;device;00:0f:00:70:91:0a;?
457;lpg;0.0051;0.0051
1991;smoke;0.021;?
2588;light;0;?
1253;temp;22.6;22.7
231;device;00:0f:00:70:91:0a;?
2724;temp;22.6;?
1899;motion;0;0
177;motion;0;0
1295;humidity;77.6;?
765;lpg;0.0049;?
2549;temp;22.6;?
752;humidity;77.8;?
1847;light;0;0
2454;humidity;76.2;?
1060;device;b8:27:eb:bf:9d:51;b8:27:eb:bf:9d:51
2403;light;1;?
2413;smoke;0.012;0.013999999999999999
1813;lpg;0.0048;?
2702;temp;22.6;22.7
198;temp;27.0;27.0
2010;lpg;0.0069;0.0077
751;humidity;76.0;?
1999;smoke;0.021;?
1691;temp;19.7;6.8
997;light;0;0
2430;humidity;51.3;?
2119;temp;22.4;22.7
1730;temp;19.7;?
1157;lpg;0.0069;0.0077
416;humidity;74.2;?
2699;humidity;76.6;?
2045;light;0;0
43;humidity;78.2;?
2524;temp;22.6;22.7
1390;co;0.0042;0.005
1220;temp;26.9;27.0
2807;device;b8:27:eb:bf:9d:51;b8:27:eb:bf:9d:51
2134;temp;19.6;6.8
74;co;0.0043;0.005
2773;motion;0;0
2984;device;00:0f:00:70:91:0a;?
330;device;b8:27:eb:bf:9d:51;b8:27:eb:bf:9d:51
1210;humidity;76.2;?
2859;light;0;?
145;co;0.0043;0.005
328;lpg;0.0077;0.0077
2978;temp;22.7;22.7
9;motion;0;0
2739;humidity;76.5;?
2751;lpg;0.0077;?
1940;humidity;75.1;?
2333;co;0.0025;?
1865;motion;0;0
925;device;00:0f:00:70:91:0a;?
732;co;0.0051;?
2057;smoke;0.021;?
2030;motion;0;0
671;lpg;0.0078;0.0077
321;co;0.005;0.005
1516;lpg;0.0049;0.0051
1179;smoke;0.018000000000000002;0.02
156;motion;0;0
1215;co;0.005;0.005
2687;temp;19.8;6.8
1808;smoke;0.021;?
2341;light;0;?
718;humidity;75.6;?
2818;motion;0;0
998;lpg;0.0048;0.0051
1658;lpg;0.0077;0.0077
169;humidity;51.0;?
2138;motion;0;0
2179;device;00:0f:00:70:91:0a;?
2122;temp;22.4;22.6
1254;temp;27.0;27.0
1556;motion;0;0
1685;motion;0;0
637;co;0.0027;0.0029
810;device;b8:27:eb:bf:9d:51;b8:27:eb:bf:9d:51
1617;co;0.0043;0.005
1004;humidity;51.1;?
1761;smoke;0.018000000000000002;0.02
753;smoke;0.021;?
2592;humidity;51.3;?
1587;temp;26.9;27.0
359;temp;19.6;6.8
1810;lpg;0.0077;0.0077
1099;device;00:0f:00:70:91:0a;?
72;co;0.0028;0.0029
2241;lpg;0.0077;0.0077
97;motion;0;0
1548;smoke;0.012;0.013999999999999999
1022;co;0.0051;0.005
2609;temp;22.6;22.7
2169;smoke;0.02;?
1253;motion;0;0
507;lpg;0.0077;0.0077
184;smoke;0.021;0.02
1929;smoke;0.021;?
2129;device;00:0f:00:70:91:0a;?
1701;device;00:0f:00:70:91:0a;?
2184;temp;19.6;6.8
2525;co;0.0042;?
1979;temp;26.9;27.0
2135;lpg;0.0077;0.0077
1564;lpg;0.0048;?
1821;co;0.005;0.005
701;temp;19.6;6.8
673;motion;0;0
1458;smoke;0.021;?
1685;light;0;?
2095;device;1c:bf:ce:15:ec:4d;1c:bf:ce:15:ec:4d
104;motion;0;0
1533;motion;0;0
330;humidity;49.3;?
268;humidity;78.3;?
1712;light;1;1
682;motion;0;0
2034;light;1;1
1997;smoke;0.018000000000000002;?
1065;lpg;0.0077;0.0077
1488;co;0.0026;0.0029
1892;light;0;?
951;co;0.0044;?
2468;motion;0;0
380;smoke;0.02;?
529;humidity;50.3;?
811;motion;0;0
2844;motion;0;0
1301;motion;0;0
2900;temp;19.9;6.8
2689;smoke;0.018000000000000002;?
752;light;1;1
1127;device;1c:bf:ce:15:ec:4d;1c:bf:ce:15:ec:4d
400;light;0;0
1586;motion;0;0
2757;motion;0;0
1293;light;0;?
2357;light;0;0
2164;motion;0;0
2397;motion;0;0
2850;temp;19.9;6.8
1968;smoke;0.018000000000000002;0.02
1869;humidity;77.8;?
2958;co;0.0049;?
2390;light;0;0
1377;motion;0;0
284;lpg;0.006999999999999999;0.0077
152;device;b8:27:eb:bf:9d:51;b8:27:eb:bf:9d:51
1911;humidity;78.7;?
2802;humidity;51.3;?
543;lpg;0.0051;?
2755;smoke;0.02;?
716;lpg;0.0077;0.0077
51;lpg;0.0051;0.0051
2603;motion;0;0
100;device;1c:bf:ce:15:ec:4d;1c:bf:ce:15:ec:4d
71;light;0;?
451;co;0.0028;0.0029
377;motion;0;0
602;motion;0;0
778;light;0;0
1395;co;0.0026;0.0029
238;humidity;51.1;?
904;lpg;0.0078;0.0077
324;humidity;49.5;?
824;humidity;75.8;?
1457;device;b8:27:eb:bf:9d:51;b8:27:eb:bf:9d:51
2765;light;0;?
1950;light;0;?
152;lpg;0.0077;0.0077
2889;smoke;0.018000000000000002;?
1832;light;0;0
2581;lpg;0.0077;?
1731;lpg;0.0077;0.0077
741;device;b8:27:eb:bf:9d:51;b8:27:eb:bf:9d:51
2953;humidity;51.3;?
1405;device;b8:27:eb:bf:9d:51;b8:27:eb:bf:9d:51
602;lpg;0.0077;0.0077
2413;light;0;0
232;temp;27.0;27.0
2621;lpg;0.0068;?
414;temp;27.0;27.0
2026;light;0;?
2379;light;0;?
1090;co;0.0026;0.0029
152;temp;22.7;22.7
1179;lpg;0.0069;0.0077
23;device;b8:27:eb:bf:9d:51;b8:27:eb:bf:9d:51
2237;humidity;51.3;?
2865;smoke;0.012;?
2902;light;0;?
464;motion;0;0
419;lpg;0.0077;0.0077
8;light;0;0
1891;lpg;0.0068;0.0077
988;light;0;?
1035;humidity;51.1;?
1346;lpg;0.0077;0.0077
2047;humidity;51.4;?
2875;light;0;?
67;smoke;0.019;0.02
628;temp;19.5;6.8
1365;humidity;51.1;?
1202;motion;0;0
1678;temp;22.6;?
723;smoke;0.018000000000000002;0.02
2076;temp;19.6;6.8
1129;humidity;76.0;?
2692;device;1c:bf:ce:15:ec:4d;?
2422;lpg;0.0046;0.0051
1221;temp;22.6;22.7
561;temp;22.1;22.7
1891;smoke;0.018000000000000002;0.02
2740;device;b8:27:eb:bf:9d:51;b8:27:eb:bf:9d:51
2891;device;b8:27:eb:bf:9d:51;?
2776;lpg;0.0068;?
394;device;b8:27:eb:bf:9d:51;b8:27:eb:bf:9d:51
237;motion;0;0
1718;humidity;49.6;?
2875;motion;0;0
820;temp;19.6;6.8
2313;device;1c:bf:ce:15:ec:4d;1c:bf:ce:15:ec:4d
2819;temp;22.6;?
567;light;0;?
2777;light;0;?
988;device;00:0f:00:70:91:0a;?
758;temp;27.0;27.0
1067;co;0.0044;0.005
2485;smoke;0.021;?
743;temp;22.4;22.7
975;smoke;0.012;0.013999999999999999
1771;co;0.005;0.005
856;humidity;51.1;?
1451;temp;22.7;22.7
489;smoke;0.02;?
967;lpg;0.0048;?
1717;temp;26.9;27.0
1378;humidity;77.6;?
1010;lpg;0.0069;0.0077
2318;co;0.005;0.005
1834;co;0.005;0.005
1766;motion;0;0
1012;motion;0;0
2663;device;b8:27:eb:bf:9d:51;b8:27:eb:bf:9d:51
2796;device;1c:bf:ce:15:ec:4d;?
1758;lpg;0.0068;0.0077
2929;lpg;0.0068;0.0077
793;motion;0;0
2095;motion;0;0
2627;motion;0;0
2939;light;0;0
1575;motion;0;0
2591;light;0;?
1238;temp;22.6;22.7
352;device;b8:27:eb:bf:9d:51;?
2968;smoke;0.02;?
1584;device;b8:27:eb:bf:9d:51;?
1707;co;0.0042;0.005
719;co;0.0051;0.005
1232;humidity;51.2;?
2175;smoke;0.021;?
1814;co;0.0042;0.005
2473;light;0;?
49;temp;27.0;27.0
606;motion;0;0
804;humidity;75.8;?
836;humidity;78.1;?
1263;co;0.0051;?
1547;lpg;0.0077;0.0077
1039;device;00:0f:00:70:91:0a;?
538;motion;0;0
2335;lpg;0.0067;0.0077
1613;smoke;0.021;?
1091;humidity;51.1;?
557;humidity;50.6;?
2843;device;b8:27:eb:bf:9d:51;b8:27:eb:bf:9d:51
2236;motion;0;0
1419;co;0.0042;0.005
2094;lpg;0.0047;?
2511;smoke;0.019;?
155;smoke;0.019;0.02
785;lpg;0.0078;0.0077
1322;light;0;?
485;humidity;74.7;?
1547;device;b8:27:eb:bf:9d:51;b8:27:eb:bf:9d:51
307;device;b8:27:eb:bf:9d:51;b8:27:eb:bf:9d:51
2516;light;0;?
1952;co;0.0026;0.0029
2083;lpg;0.0077;0.0077
2740;co;0.005;?
829;temp;19.6;6.8
574;motion;0;0
1108;motion;0;0
2099;temp;22.3;22.7
1103;humidity;76.3;?
595;humidity;50.4;?
2117;lpg;0.0068;0.0077
1303;smoke;0.012;0.013999999999999999
664;humidity;50.7;?
583;motion;0;0
849;lpg;0.0078;0.0077
1408;light;0;0
679;device;1c:bf:ce:15:ec:4d;?
1724;co;0.0026;0.0029
624;temp;22.2;22.7
642;light;1;?
889;co;0.005;0.005
2444;co;0.005;?
2600;smoke;0.02;?
1330;co;0.005;?
1197;smoke;0.012;0.013999999999999999
1985;motion;0;0
2648;motion;0;0
2597;light;1;1
102;motion;0;0
1368;humidity;76.3;?
2589;temp;19.8;?
1427;co;0.005;0.005
2773;device;b8:27:eb:bf:9d:51;b8:27:eb:bf:9d:51
16;humidity;75.8;?
796;humidity;51.2;?
2895;lpg;0.0068;?
1829;co;0.005;0.005
2457;smoke;0.012;0.013999999999999999
2991;light;0;?
314;humidity;49.6;?
97;humidity;78.0;?
2418;light;1;?
2881;humidity;51.3;?
1125;smoke;0.018000000000000002;0.02
841;smoke;0.013000000000000001;0.013999999999999999
2035;co;0.0026;0.0029
1699;smoke;0.021;?
1508;smoke;0.021;?
1173;light;0;?
2404;motion;0;0
2150;device;b8:27:eb:bf:9d:51;b8:27:eb:bf:9d:51
1910;lpg;0.0077;0.0077
1820;smoke;0.021;?
83;motion;0;0
952;device;b8:27:eb:bf:9d:51;?
984;temp;27.0;27.0
2440;light;0;?
1975;co;0.0026;0.0029
2684;smoke;0.02;?
2776;humidity;76.7;?
562;light;1;1
2261;humidity;77.7;?
2364;device;b8:27:eb:bf:9d:51;b8:27:eb:bf:9d:51
2132;device;b8:27:eb:bf:9d:51;b8:27:eb:bf:9d:51
2447;lpg;0.0077;0.0077
965;motion;0;0
2947;smoke;0.019;?
1247;co;0.0026;0.0029
64;motion;0;0
1716;device;b8:27:eb:bf:9d:51;b8:27:eb:bf:9d:51
960;lpg;0.0049;?
361;co;0.005;0.005
120;motion;0;0
695;light;0;0
1392;motion;0;0
1445;light;0;?
2518;temp;19.8;6.8
2881;lpg;0.0077;?
1486;lpg;0.0077;0.0077
1682;co;0.0026;0.0029
1605;light;1;1
186;humidity;51.0;?
1357;lpg;0.0068;0.0077
2819;humidity;51.3;?
2526;humidity;76.1;?
330;motion;0;0
26;co;0.0028;0.0029
669;light;1;1
1978;humidity;75.4;?
1066;co;0.0026;0.0029
2930;motion;0;0
2520;lpg;0.0068;?
1687;smoke;0.021;?
163;device;1c:bf:ce:15:ec:4d;1c:bf:ce:15:ec:4d
369;temp;22.3;22.7
1043;lpg;0.0049;0.0051
2744;lpg;0.0077;?
1775;motion;0;0
1604;co;0.005;0.005
2682;humidity;51.3;?
965;co;0.005;0.005
1667;humidity;75.1;?
1104;temp;22.6;22.7
1670;humidity;75.4;?
328;temp;22.4;22.7
2866;co;0.0049;?
1669;device;1c:bf:ce:15:ec:4d;1c:bf:ce:15:ec:4d
2779;motion;0;0
1613;device;b8:27:eb:bf:9d:51;b8:27:eb:bf:9d:51
832;motion;0;0
2668;smoke;0.018000000000000002;?
2820;co;0.0025;?
962;lpg;0.0068;0.0077
2256;device;1c:bf:ce:15:ec:4d;1c:bf:ce:15:ec:4d
641;co;0.005;0.005
2360;temp;19.7;6.8
609;temp;27.0;27.0
2850;co;0.0024;0.0029
2928;device;00:0f:00:70:91:0a;?
2343;lpg;0.0068;?
1868;motion;0;0
1875;lpg;0.0048;0.0051
2370;humidity;77.7;?
2334;light;0;?
318;motion;0;0
1076;light;0;0
1427;motion;0;0
2284;humidity;51.3;?
1265;light;0;0
2361;humidity;51.3;?
2768;motion;0;0
325;smoke;0.021;0.02
1448;smoke;0.012;0.013999999999999999
1495;motion;0;0
496;light;1;1
760;smoke;0.021;?
884;motion;0;0
1981;device;b8:27:eb:bf:9d:51;b8:27:eb:bf:9d:51
1850;temp;22.1;22.7
1833;temp;19.6;6.8
68;motion;0;0
2037;device;1c:bf:ce:15:ec:4d;1c:bf:ce:15:ec:4d
223;device;1c:bf:ce:15:ec:4d;1c:bf:ce:15:ec:4d
830;smoke;0.018000000000000002;0.02
2428;temp;22.6;22.7
193;humidity;51.0;?
2345;temp;22.6;22.7
509;lpg;0.0077;0.0077
2716;humidity;76.5;?
2464;device;00:0f:00:70:91:0a;00:0f:00:70:91:0a
2565;light;0;?
513;motion;0;0
2266;lpg;0.0068;0.0077
716;device;b8:27:eb:bf:9d:51;b8:27:eb:bf:9d:51
389;co;0.0043;0.005
282;smoke;0.02;?
2169;motion;0;0
1647;motion;0;0
1438;co;0.0042;0.005
1481;motion;0;0
1688;device;00:0f:00:70:91:0a;?
575;device;00:0f:00:70:91:0a;00:0f:00:70:91:0a
2411;light;1;?
2149;light;1;1
1327;device;b8:27:eb:bf:9d:51;b8:27:eb:bf:9d:51
1206;motion;0;0
900;light;1;1
913;device;b8:27:eb:bf:9d:51;b8:27:eb:bf:9d:51
1727;lpg;0.0048;?
1385;humidity;76.3;?
1315;smoke;0.018000000000000002;0.02
2730;motion;0;0
1980;temp;22.2;22.7
368;motion;0;0
1009;humidity;76.0;?
2830;motion;0;0
1490;lpg;0.0077;0.0077
2976;smoke;0.02;?
2836;temp;22.6;22.7
2325;smoke;0.02;?
2674;lpg;0.0077;0.0077
316;light;0;?
2635;humidity;77.8;?
914;light;1;1
245;motion;0;0
2134;humidity;75.5;?
2862;smoke;0.02;?
2262;motion;0;0
1692;humidity;77.8;?
445;smoke;0.013000000000000001;0.013999999999999999
146;temp;22.7;22.7
1010;smoke;0.018000000000000002;0.02
2648;smoke;0.02;?
2369;light;0;?
58;device;00:0f:00:70:91:0a;00:0f:00:70:91:0a
234;motion;0;0
2493;light;0;?
433;motion;0;0
842;humidity;51.2;?
2265;smoke;0.012;?
2011;smoke;0.021;?
1054;temp;22.6;22.7
2971;light;0;?
2784;co;0.0042;?
972;smoke;0.018000000000000002;0.02
1638;motion;0;0
940;co;0.0026;0.0029
1677;motion;0;0
814;temp;19.6;6.8
1543;device;b8:27:eb:bf:9d:51;b8:27:eb:bf:9d:51
938;lpg;0.0069;0.0077
1496;lpg;0.006999999999999999;0.0077
2699;motion;0;0
2346;device;00:0f:00:70:91:0a;?
618;temp;22.2;22.7
945;lpg;0.006999999999999999;0.0077
1087;light;1;1
1835;temp;26.8;27.0
2276;humidity;51.3;?
997;smoke;0.021;?
372;lpg;0.0051;0.0051
1190;motion;0;0
2352;humidity;75.9;?
976;humidity;51.0;?
48;humidity;50.9;?
515;co;0.0028;0.0029
2399;smoke;0.018000000000000002;?
2118;smoke;0.021;?
710;humidity;78.2;?
202;smoke;0.013000000000000001;0.013999999999999999
1286;motion;0;0
1759;device;00:0f:00:70:91:0a;?
635;lpg;0.006999999999999999;0.0077
2529;motion;0;0
1938;smoke;0.012;?
2992;temp;22.7;22.7
1953;co;0.005;0.005
2616;temp;26.7;?
949;motion;0;0
1917;co;0.005;0.005
853;device;00:0f:00:70:91:0a;?
181;smoke;0.02;?
1793;humidity;77.7;?
955;motion;0;0
1751;motion;0;0
763;temp;22.4;22.7
878;light;0;?
643;humidity;51.1;?
539;lpg;0.0077;0.0077
2949;light;0;?
2472;device;b8:27:eb:bf:9d:51;b8:27:eb:bf:9d:51
1881;lpg;0.0047;0.0051
1881;light;0;0
1049;temp;19.7;6.8
2069;smoke;0.021;?
2063;humidity;51.4;?
1435;motion;0;0
1642;device;00:0f:00:70:91:0a;?
1799;smoke;0.021;?
2071;humidity;78.0;?
2858;smoke;0.02;?
397;motion;0;0
1632;smoke;0.012;0.013999999999999999
1037;light;0;?
2024;co;0.005;0.005
742;device;1c:bf:ce:15:ec:4d;1c:bf:ce:15:ec:4d
2676;light;0;?
22;temp;27.0;27.0
358;temp;22.3;22.7
1058;device;b8:27:eb:bf:9d:51;b8:27:eb:bf:9d:51
1996;temp;22.2;22.7
2651;light;0;0
882;humidity;51.1;?
2201;humidity;77.6;?
2944;co;0.0042;0.005
766;humidity;50.9;?
1909;smoke;0.012;0.013999999999999999
786;lpg;0.006999999999999999;0.0077
99;co;0.0028;0.0029
2056;humidity;78.7;?
2743;motion;0;0
1109;temp;22.6;22.7
1447;humidity;77.7;?
198;motion;0;0
1086;co;0.0026;0.0029
2544;smoke;0.021;?
2471;smoke;0.018000000000000002;?
1040;temp;22.5;22.7
2388;smoke;0.021;?
1123;co;0.0042;0.005
22;lpg;0.006999999999999999;0.0077
2221;smoke;0.021;?
2041;co;0.005;0.005
800;co;0.0044;0.005
1139;temp;19.7;6.8
1331;co;0.005;0.005
2671;co;0.005;?
1069;light;0;?
2525;smoke;0.018000000000000002;?
1927;motion;0;0
669;co;0.0044;0.005
353;co;0.0028;0.0029
1286;device;b8:27:eb:bf:9d:51;b8:27:eb:bf:9d:51
609;lpg;0.006999999999999999;0.0077
273;smoke;0.021;0.02
2413;temp;19.7;6.8
1803;light;1;1
158;co;0.0044;0.005
120;co;0.0044;0.005
824;lpg;0.0049;?
855;humidity;78.1;?
1968;device;1c:bf:ce:15:ec:4d;1c:bf:ce:15:ec:4d
815;light;0;?
2390;co;0.005;0.005
277;lpg;0.0077;0.0077
1112;device;b8:27:eb:bf:9d:51;b8:27:eb:bf:9d:51
616;smoke;0.021;?
239;light;0;?
531;motion;0;0
1897;temp;22.0;22.7
1984;lpg;0.0077;0.0077
2840;humidity;76.7;?
1812;humidity;48.9;?
1931;light;1;1
1036;lpg;0.0048;0.0051
785;humidity;51.1;?
1938;motion;0;0
2806;motion;0;0
1156;smoke;0.012;0.013999999999999999
1140;co;0.005;0.005
832;temp;22.5;?
2349;smoke;0.02;?
1533;lpg;0.0048;?
2476;humidity;76.1;?
1035;motion;0;0
707;humidity;50.7;?
2059;humidity;75.4;?
1568;humidity;51.2;?
1728;humidity;77.6;?
335;co;0.005;0.005
751;motion;0;0
140;device;b8:27:eb:bf:9d:51;b8:27:eb:bf:9d:51
895;motion;0;0
2849;humidity;76.5;?
2894;device;00:0f:00:70:91:0a;?
2389;temp;19.7;6.8
819;light;1;1
2051;co;0.005;0.005
266;device;b8:27:eb:bf:9d:51;b8:27:eb:bf:9d:51
2592;motion;0;0
2896;light;0;?
2308;device;1c:bf:ce:15:ec:4d;1c:bf:ce:15:ec:4d
1915;lpg;0.0077;0.0077
1311;co;0.0043;0.005
653;light;0;?
2876;co;0.0049;0.005
1069;co;0.005;0.005
1526;temp;19.8;6.8
1311;device;1c:bf:ce:15:ec:4d;1c:bf:ce:15:ec:4d
711;smoke;0.021;?
693;temp;22.4;22.7
2900;motion;0;0
1974;co;0.0042;0.005
1972;lpg;0.0048;?
861;smoke;0.018000000000000002;0.02
238;temp;22.6;22.7
2161;device;1c:bf:ce:15:ec:4d;1c:bf:ce:15:ec:4d
842;light;0;?
360;smoke;0.018000000000000002;0.02
2304;temp;26.8;27.0
1373;humidity;51.2;?
889;smoke;0.021;?
86;smoke;0.02;0.02
2563;co;0.0025;?
2005;device;00:0f:00:70:91:0a;?
580;light;0;?
1265;smoke;0.021;?
620;smoke;0.013000000000000001;0.013999999999999999
622;motion;0;0
2539;temp;19.7;6.8
1877;light;0;?
1689;co;0.0042;0.005
2764;motion;0;0
1076;lpg;0.0077;0.0077
2913;smoke;0.02;?
291;light;0;0
1421;motion;0;0
1147;smoke;0.018000000000000002;0.02
1361;lpg;0.0049;0.0051
2034;co;0.0042;0.005
1577;device;b8:27:eb:bf:9d:51;b8:27:eb:bf:9d:51
2145;device;b8:27:eb:bf:9d:51;b8:27:eb:bf:9d:51
2506;device;b8:27:eb:bf:9d:51;b8:27:eb:bf:9d:51
2351;humidity;51.3;?
711;device;b8:27:eb:bf:9d:51;b8:27:eb:bf:9d:51
1502;light;0;?
1207;humidity;51.1;?
1180;device;b8:27:eb:bf:9d:51;b8:27:eb:bf:9d:51
2025;temp;26.9;27.0
498;temp;19.5;6.8
1648;motion;0;0
318;temp;27.0;27.0
2065;humidity;51.3;?
2388;temp;22.6;22.7
2369;motion;0;0
1592;lpg;0.0048;?
2896;motion;0;0
876;light;0;0
2530;smoke;0.018000000000000002;?
251;co;0.0028;0.0029
2731;light;0;?
2089;motion;0;0
1953;smoke;0.02;?
856;lpg;0.0077;0.0077
128;temp;22.7;22.7
1273;smoke;0.018000000000000002;0.02
2209;temp;19.7;6.8
621;co;0.005;0.005
909;device;00:0f:00:70:91:0a;?
2153;co;0.0026;?
1196;smoke;0.018000000000000002;0.02
246;co;0.005;0.005
2948;humidity;51.3;?
1123;temp;26.9;27.0
62;temp;27.0;27.0
2433;lpg;0.0046;0.0051
646;temp;22.3;22.7
2646;temp;26.7;?
987;smoke;0.021;?
693;co;0.0051;0.005
933;temp;27.0;27.0
2594;co;0.0025;?
1684;temp;26.9;27.0
99;motion;0;0
2812;lpg;0.0045;0.0051
2394;smoke;0.021;?
48;device;b8:27:eb:bf:9d:51;b8:27:eb:bf:9d:51
1739;humidity;49.4;?
1636;smoke;0.021;?
889;temp;22.5;22.7
344;light;1;1
1984;motion;0;0
2828;humidity;76.4;?
2126;light;1;1
2262;humidity;75.8;?
276;temp;19.7;22.7
1568;lpg;0.0077;0.0077
2908;humidity;51.3;?
2954;motion;0;0
1701;humidity;75.2;?
2656;motion;0;0
321;light;0;?
64;device;b8:27:eb:bf:9d:51;b8:27:eb:bf:9d:51
836;lpg;0.006999999999999999;0.0077
1576;device;1c:bf:ce:15:ec:4d;1c:bf:ce:15:ec:4d
1678;co;0.005;?
1921;motion;0;0
2345;lpg;0.0077;?
2909;temp;19.9;6.8
197;co;0.0028;0.0029
249;motion;0;0
835;smoke;0.021;?
423;temp;22.2;22.7
1147;device;1c:bf:ce:15:ec:4d;1c:bf:ce:15:ec:4d
713;humidity;78.2;?
1951;smoke;0.018000000000000002;0.02
1590;humidity;51.2;?
18;temp;22.6;22.7
2902;lpg;0.0076;0.0077
463;smoke;0.021;?
1944;motion;0;0
2937;device;00:0f:00:70:91:0a;?
1065;humidity;51.1;?
222;humidity;51.1;?
392;temp;22.3;22.7
719;humidity;50.9;?
1771;device;b8:27:eb:bf:9d:51;b8:27:eb:bf:9d:51
2886;device;b8:27:eb:bf:9d:51;b8:27:eb:bf:9d:51
777;temp;19.6;6.8
1137;co;0.0051;0.005
1712;motion;0;0
2652;temp;22.6;22.7
1670;device;00:0f:00:70:91:0a;?
2797;humidity;76.5;?
2922;light;1;?
1195;smoke;0.021;?
1463;lpg;0.0048;0.0051
1099;co;0.0026;?
2839;humidity;51.3;?
783;motion;0;0
524;lpg;0.0077;0.0077
1954;lpg;0.0069;0.0077
600;lpg;0.0077;0.0077
2969;light;0;?
1820;device;b8:27:eb:bf:9d:51;b8:27:eb:bf:9d:51
1085;motion;0;0
2864;temp;22.7;22.7
160;temp;22.7;22.7
2427;device;1c:bf:ce:15:ec:4d;?
2184;motion;0;0
869;humidity;51.1;?
333;smoke;0.021;0.02
996;temp;26.9;27.0
1357;light;1;1
2863;smoke;0.018000000000000002;?
1571;lpg;0.0048;0.0051
1720;co;0.005;0.005
2600;temp;22.6;22.7
551;device;1c:bf:ce:15:ec:4d;1c:bf:ce:15:ec:4d
2303;co;0.005;0.005
602;temp;22.2;22.7
2056;lpg;0.0067;0.0077
2171;humidity;51.2;?
804;lpg;0.005;?
68;light;0;?
302;temp;19.7;6.8
832;humidity;51.2;?
242;humidity;75.2;?
2597;motion;0;0
966;humidity;77.8;?
2986;device;1c:bf:ce:15:ec:4d;?
1548;humidity;76.4;?
2491;humidity;51.3;?
635;motion;0;0
1378;co;0.0042;0.005
612;device;b8:27:eb:bf:9d:51;b8:27:eb:bf:9d:51
574;light;0;?
2414;smoke;0.018000000000000002;?
2716;temp;19.8;6.8
1674;smoke;0.021;?
1471;temp;22.7;22.7
2727;smoke;0.018000000000000002;?
2976;device;b8:27:eb:bf:9d:51;b8:27:eb:bf:9d:51
2860;motion;0;0
356;motion;0;0
2283;co;0.0025;?
876;humidity;75.8;?
1655;humidity;51.2;?
2483;smoke;0.021;?
991;humidity;76.1;?
942;temp;22.5;22.7
2914;motion;0;0
2932;lpg;0.0068;0.0077
1904;light;1;1
1256;device;b8:27:eb:bf:9d:51;b8:27:eb:bf:9d:51
263;co;0.005;0.005
926;co;0.0051;0.005
94;humidity;51.0;?
1847;humidity;48.8;?
2795;motion;0;0
370;temp;27.0;27.0
492;motion;0;0
1430;temp;26.9;27.0
2242;smoke;0.012;?
212;light;1;1
1434;light;0;0
1206;light;0;?
1773;co;0.0026;0.0029
2067;temp;22.3;22.7
503;co;0.005;0.005
860;lpg;0.0049;0.0052
1796;smoke;0.018000000000000002;0.02
698;device;b8:27:eb:bf:9d:51;b8:27:eb:bf:9d:51
1328;humidity;77.8;?
2821;light;1;1
1532;co;0.005;0.005
2082;light;0;?
1141;humidity;51.2;?
824;motion;0;0
698;co;0.0051;0.005
876;lpg;0.0049;0.0051
2523;motion;0;0
2419;light;0;0
2846;smoke;0.02;?
1288;humidity;77.6;?
1220;smoke;0.019;0.02
2440;device;00:0f:00:70:91:0a;?
2368;light;0;?
2473;smoke;0.012;?
282;co;0.005;0.005
1486;motion;0;0
1810;humidity;49.0;?
2260;light;0;?
2636;device;00:0f:00:70:91:0a;?
1336;lpg;0.0048;?
1801;motion;0;0
1471;humidity;51.2;?
2180;device;b8:27:eb:bf:9d:51;b8:27:eb:bf:9d:51
1779;lpg;0.0077;0.0077
754;light;1;1
1932;lpg;0.0077;0.0077
2014;smoke;0.021;?
862;device;b8:27:eb:bf:9d:51;?
2413;lpg;0.0046;0.0051
437;humidity;74.5;?
1355;motion;0;0
88;co;0.0045;0.005
1985;co;0.0026;0.0029
2228;lpg;0.0077;0.0077
1392;temp;19.8;6.8
1494;motion;0;0
2019;humidity;50.8;?
1676;temp;22.6;22.7
1868;light;0;0
353;device;00:0f:00:70:91:0a;?
105;light;1;1
1591;co;0.0044;0.005
897;device;b8:27:eb:bf:9d:51;b8:27:eb:bf:9d:51
551;motion;0;0
2887;temp;26.7;?
1758;temp;26.9;27.0
182;smoke;0.019;0.02
1628;lpg;0.0048;0.0051
1895;humidity;49.3;?
1117;device;b8:27:eb:bf:9d:51;b8:27:eb:bf:9d:51
2133;motion;0;0
318;smoke;0.018000000000000002;0.02
2186;motion;0;0
1258;smoke;0.012;0.013999999999999999
1930;lpg;0.0048;0.0051
1941;motion;0;0
2362;lpg;0.0047;0.0051
2923;light;0;?
1104;smoke;0.021;?
2559;smoke;0.02;?
2280;light;0;0
1878;humidity;49.0;?
1241;smoke;0.018000000000000002;?
543;smoke;0.013000000000000001;0.013999999999999999
1732;lpg;0.0047;0.0051
698;smoke;0.021;?
532;lpg;0.0077;0.0077
2174;lpg;0.0068;0.0077
1522;co;0.005;0.005
2697;device;b8:27:eb:bf:9d:51;b8:27:eb:bf:9d:51
1234;humidity;77.8;?
1277;lpg;0.0048;?
2727;humidity;76.5;?
1075;device;b8:27:eb:bf:9d:51;b8:27:eb:bf:9d:51
420;light;1;1
961;light;0;?
1885;temp;26.9;27.0
1954;light;1;1
1889;co;0.005;0.005
471;temp;27.1;27.0
868;lpg;0.0049;?
2351;smoke;0.021;?
833;humidity;78.3;?
1433;lpg;0.0068;0.0077
1448;humidity;76.5;?
564;temp;27.0;27.0
743;smoke;0.021;?
1219;smoke;0.021;?
1481;device;1c:bf:ce:15:ec:4d;1c:bf:ce:15:ec:4d
1108;temp;26.9;27.0
2110;light;0;0
446;device;b8:27:eb:bf:9d:51;b8:27:eb:bf:9d:51
27;motion;0;0
1515;smoke;0.018000000000000002;0.02
125;lpg;0.0051;0.0051
2606;lpg;0.0068;0.0077
2916;temp;19.9;6.8
806;smoke;0.021;?
46;smoke;0.019;0.02
1992;humidity;75.3;?
68;temp;22.7;22.7
1377;co;0.005;0.005
2961;temp;22.6;22.7
2742;humidity;51.2;?
189;device;1c:bf:ce:15:ec:4d;1c:bf:ce:15:ec:4d
2927;lpg;0.0077;0.0077
1192;light;1;1
2232;device;00:0f:00:70:91:0a;?
883;temp;22.5;22.7
1227;smoke;0.018000000000000002;0.02
851;humidity;51.1;?
2899;motion;0;0
2375;co;0.0025;0.0029
2260;temp;22.5;22.6
1401;humidity;78.2;?
2454;smoke;0.012;0.013999999999999999
1042;humidity;51.2;?
1032;temp;26.9;27.0
2477;humidity;51.3;?
1970;temp;19.5;6.8
581;co;0.0051;0.005
2890;device;00:0f:00:70:91:0a;?
26;light;0;0
2455;smoke;0.018000000000000002;?
2374;temp;26.8;?
655;temp;22.3;22.7
226;device;b8:27:eb:bf:9d:51;b8:27:eb:bf:9d:51
884;temp;26.9;27.0
2806;co;0.0042;0.005
1555;humidity;51.2;?
2204;smoke;0.02;?
587;co;0.005;0.005
565;device;b8:27:eb:bf:9d:51;?
2249;smoke;0.012;?
2648;temp;22.6;22.7
983;smoke;0.021;?
2905;smoke;0.02;?
877;light;1;1
1731;temp;22.4;22.6
1171;smoke;0.012;0.013999999999999999
2854;smoke;0.018000000000000002;?
2782;temp;22.7;22.6
897;co;0.0051;0.005
2435;lpg;0.0077;?
443;lpg;0.0051;0.0051
2499;temp;22.6;22.7
1654;smoke;0.018000000000000002;0.02
1398;temp;22.6;22.7
630;temp;19.5;6.8
2681;temp;19.8;6.8
28;smoke;0.02;?
907;lpg;0.0078;0.0077
121;lpg;0.0077;0.0077
1567;co;0.0026;0.0029
2124;device;b8:27:eb:bf:9d:51;b8:27:eb:bf:9d:51
2298;motion;0;0
648;lpg;0.006999999999999999;0.0077
439;motion;0;0
1610;temp;26.9;27.0
724;device;b8:27:eb:bf:9d:51;b8:27:eb:bf:9d:51
2201;light;1;1
2729;lpg;0.0045;?
385;co;0.0028;0.0029
918;smoke;0.021;?
2623;humidity;51.3;?
2669;co;0.005;?
1671;smoke;0.021;?
1940;co;0.0026;0.0029
2307;temp;22.5;22.7
1851;temp;26.8;27.0
584;device;b8:27:eb:bf:9d:51;b8:27:eb:bf:9d:51
552;humidity;75.4;?
1938;lpg;0.0048;?
2396;device;1c:bf:ce:15:ec:4d;?
2432;temp;22.6;22.7
1823;co;0.0042;0.005
2498;smoke;0.02;?
2270;light;0;?
815;motion;0;0
2371;light;0;0
47;temp;19.8;19.7
2853;motion;0;0
2978;co;0.0049;?
1270;humidity;51.2;?
1112;motion;0;0
541;device;b8:27:eb:bf:9d:51;b8:27:eb:bf:9d:51
1417;light;0;0
775;motion;0;0
1524;temp;19.8;6.8
1772;co;0.0042;0.005
1181;smoke;0.012;0.013999999999999999
2083;light;0;?
1530;light;0;0
2139;humidity;51.3;?
386;smoke;0.021;?
2190;light;0;0
684;motion;0;0
2377;temp;26.8;?
1204;lpg;0.006999999999999999;0.0077
470;lpg;0.0077;0.0077
207;light;0;0
1483;humidity;51.2;?
670;lpg;0.0077;0.0077
1894;temp;26.9;27.0
658;smoke;0.021;?
172;lpg;0.006999999999999999;0.0077
1611;motion;0;0
70;temp;19.8;19.7
1887;temp;26.9;27.0
1215;light;0;?
2393;humidity;76.1;?
2586;light;0;?
781;smoke;0.013000000000000001;0.013999999999999999
2500;co;0.0025;0.0029
2254;lpg;0.0047;0.0051
2195;lpg;0.0077;0.0077
896;co;0.0028;0.0029
1847;smoke;0.021;?
881;device;1c:bf:ce:15:ec:4d;1c:bf:ce:15:ec:4d
605;device;1c:bf:ce:15:ec:4d;?
42;co;0.0029;0.0029
1271;temp;19.7;6.8
166;motion;0;0
1501;co;0.0026;?
1807;temp;19.6;6.8
927;device;00:0f:00:70:91:0a;?
1017;smoke;0.019;0.02
2470;co;0.005;0.005
1080;light;0;?
2599;co;0.0043;?
2564;motion;0;0
2883;light;1;?
734;smoke;0.013000000000000001;0.013999999999999999
1109;light;0;0
1538;humidity;51.2;?
85;light;0;0
2724;motion;0;0
626;humidity;77.9;?
790;smoke;0.013000000000000001;0.013999999999999999
1917;device;b8:27:eb:bf:9d:51;b8:27:eb:bf:9d:51
2603;smoke;0.012;0.013999999999999999
2844;device;00:0f:00:70:91:0a;?
137;light;1;?
2695;motion;0;0
2215;motion;0;0
1278;device;b8:27:eb:bf:9d:51;b8:27:eb:bf:9d:51
315;humidity;75.0;?
1846;motion;0;0
1211;motion;0;0
2845;smoke;0.02;?
440;lpg;0.0077;0.0077
1363;light;0;?
1245;co;0.005;0.005
1450;device;00:0f:00:70:91:0a;?
890;co;0.0051;0.005
2080;temp;26.8;27.0
1717;co;0.0042;0.005
826;lpg;0.0068;0.0077
2212;temp;22.5;22.7
818;light;0;?
1325;motion;0;0
2494;temp;22.6;22.7
2093;motion;0;0
2866;lpg;0.0076;?
1476;device;1c:bf:ce:15:ec:4d;1c:bf:ce:15:ec:4d
1260;humidity;76.2;?
448;co;0.0028;0.0029
1946;humidity;51.0;?
1016;light;0;?
167;humidity;51.0;?
1084;co;0.0027;0.0029
2685;motion;0;0
1143;motion;0;0
628;light;0;0
541;motion;0;0
1848;lpg;0.0077;0.0077
631;temp;22.2;22.7
2872;device;00:0f:00:70:91:0a;?
531;smoke;0.018000000000000002;0.02
2061;device;b8:27:eb:bf:9d:51;b8:27:eb:bf:9d:51
322;co;0.0028;0.0029
1766;smoke;0.012;0.013999999999999999
1060;co;0.005;0.005
2028;humidity;75.4;?
2738;co;0.0043;?
2218;lpg;0.0047;0.0051
40;light;1;1
807;motion;0;0
408;humidity;48.9;?
2425;lpg;0.0047;?
60;humidity;78.4;?
1781;lpg;0.0068;0.0077
970;co;0.0026;0.0029
2065;light;0;?
1498;co;0.0026;0.0029
2152;smoke;0.02;0.02
563;co;0.005;0.005
432;smoke;0.013000000000000001;0.013999999999999999
1866;temp;22.1;22.7
909;lpg;0.0049;?
1924;light;0;0
1964;temp;22.1;22.7
439;smoke;0.018000000000000002;0.02
2326;humidity;75.9;?
2530;motion;0;0
1196;humidity;78.2;?
2907;device;1c:bf:ce:15:ec:4d;?
113;smoke;0.021;?
2215;light;0;?
2627;humidity;51.2;?
850;light;0;?
1784;smoke;0.018000000000000002;0.02
1304;humidity;51.1;?
1158;light;0;?
2592;temp;22.6;22.7
2959;co;0.0024;?
1788;humidity;74.7;?
1703;motion;0;0
963;temp;22.6;22.7
1213;lpg;0.0077;0.0077
32;co;0.005;0.005
2754;lpg;0.0068;?
663;smoke;0.013000000000000001;0.013999999999999999
164;humidity;51.0;?
2073;humidity;75.8;?
90;smoke;0.013000000000000001;0.013999999999999999
197;device;00:0f:00:70:91:0a;?
687;humidity;78.6;?
838;motion;0;0
646;device;b8:27:eb:bf:9d:51;b8:27:eb:bf:9d:51
1331;motion;0;0
748;light;0;?
2113;co;0.005;0.005
2530;light;1;1
1195;motion;0;0
2114;motion;0;0
15;motion;0;0
2155;temp;19.6;6.8
685;humidity;75.5;?
383;co;0.0043;0.005
1040;humidity;51.1;?
1655;light;0;0
830;device;1c:bf:ce:15:ec:4d;1c:bf:ce:15:ec:4d
1232;light;0;0
2202;motion;0;0
407;humidity;74.7;?
2767;temp;19.8;6.8
1022;temp;22.5;22.7
1597;humidity;75.9;?
1120;smoke;0.021;?
546;light;0;?
2335;co;0.0042;0.005
235;smoke;0.021;?
2579;motion;0;0
750;motion;0;0
342;humidity;49.2;?
705;co;0.005;0.005
2191;motion;0;0
2191;humidity;75.6;?
2119;humidity;51.2;?
2667;smoke;0.02;?
2981;smoke;0.012;?
484;lpg;0.0068;0.0077
1351;device;b8:27:eb:bf:9d:51;b8:27:eb:bf:9d:51
261;co;0.005;0.005
2772;humidity;76.0;?
2328;light;0;?
2612;humidity;76.4;?
2224;light;0;?
2838;humidity;76.6;?
1677;temp;26.8;27.0
552;co;0.0028;0.0029
2108;smoke;0.021;?
1042;temp;22.6;22.7
114;motion;0;0
1224;light;0;?
2636;lpg;0.0045;?
1038;light;1;1
2574;humidity;76.3;?
1865;temp;19.6;6.8
36;temp;22.7;22.7
2683;light;0;?
1499;lpg;0.006999999999999999;0.0077
1657;humidity;75.4;?
667;co;0.0044;0.005
1158;humidity;51.1;?
2858;humidity;51.3;?
1346;device;b8:27:eb:bf:9d:51;b8:27:eb:bf:9d:51
853;temp;19.6;6.8
2252;humidity;77.7;?
401;motion;0;0
1147;lpg;0.0068;0.0077
2587;lpg;0.006999999999999999;?
1706;light;0;?
2946;device;00:0f:00:70:91:0a;?
1644;smoke;0.018000000000000002;0.02
1836;motion;0;0
276;lpg;0.0051;0.0077
267;device;b8:27:eb:bf:9d:51;b8:27:eb:bf:9d:51
600;light;0;0
2322;humidity;51.3;?
1239;motion;0;0
2958;smoke;0.02;?
1293;temp;22.7;22.7
1077;device;00:0f:00:70:91:0a;?
1039;humidity;76.1;?
315;lpg;0.0051;0.0051
1388;lpg;0.0078;0.0077
1497;smoke;0.021;?
1555;device;b8:27:eb:bf:9d:51;b8:27:eb:bf:9d:51
2991;device;00:0f:00:70:91:0a;?
2572;light;0;0
1679;device;00:0f:00:70:91:0a;?
904;temp;22.5;22.7
2523;temp;22.6;22.7
1283;light;0;?
505;smoke;0.021;?
1312;smoke;0.012;0.013999999999999999
2052;device;b8:27:eb:bf:9d:51;b8:27:eb:bf:9d:51
1041;motion;0;0
1041;co;0.0043;0.005
364;light;0;?
1030;motion;0;0
190;humidity;51.0;?
994;smoke;0.021;?
2368;lpg;0.0077;?
924;co;0.0051;0.005
2070;temp;19.6;6.8
2762;humidity;51.3;?
2819;light;0;?
886;temp;22.5;?
466;light;0;0
2533;temp;26.8;?
2092;motion;0;0
465;co;0.0043;0.005
512;light;0;0
602;smoke;0.021;?
85;smoke;0.02;?
1514;light;0;?
603;light;0;?
553;lpg;0.0077;0.0077
2236;light;1;1
152;humidity;51.0;?
2410;light;0;?
343;temp;22.4;22.7
2727;light;1;1
80;humidity;76.2;?
275;motion;0;0
1744;lpg;0.0077;0.0077
2862;temp;22.6;22.7
206;temp;22.7;22.7
1020;device;b8:27:eb:bf:9d:51;b8:27:eb:bf:9d:51
2539;smoke;0.012;0.013999999999999999
1587;device;1c:bf:ce:15:ec:4d;1c:bf:ce:15:ec:4d
535;motion;0;0
2619;temp;19.8;6.8
2951;smoke;0.02;?
1375;light;1;1
2239;light;0;?
2768;device;b8:27:eb:bf:9d:51;b8:27:eb:bf:9d:51
1372;co;0.0026;?
1424;device;00:0f:00:70:91:0a;?
1348;motion;0;0
1843;light;0;?
2165;co;0.005;0.005
1369;lpg;0.0069;0.0077
2671;smoke;0.02;?
1635;motion;0;0
743;motion;0;0
1517;device;b8:27:eb:bf:9d:51;b8:27:eb:bf:9d:51
614;lpg;0.0072;0.0077
362;temp;22.3;22.7
530;smoke;0.013000000000000001;0.013999999999999999
2971;humidity;51.3;?
2094;co;0.0025;?
41;lpg;0.0077;0.0077
1682;humidity;75.3;?
936;light;0;?
2590;motion;0;0
1585;lpg;0.0048;0.0051
1342;lpg;0.0077;0.0077
961;motion;0;0
2690;co;0.0049;?
1663;temp;26.9;27.0
257;humidity;79.3;?
1282;device;1c:bf:ce:15:ec:4d;1c:bf:ce:15:ec:4d
2460;co;0.0025;0.0029
2033;co;0.005;0.005
2258;co;0.005;0.005
2435;co;0.005;?
2233;light;0;?
24;temp;19.7;6.8
1001;co;0.005;0.005
393;humidity;77.9;?
2966;co;0.0024;?
2300;smoke;0.018000000000000002;0.02
1415;device;b8:27:eb:bf:9d:51;b8:27:eb:bf:9d:51
1308;smoke;0.013000000000000001;0.013999999999999999
1582;humidity;77.6;?
1283;co;0.005;0.005
744;temp;19.6;6.8
2667;humidity;51.3;?
1922;lpg;0.0077;0.0077
121;temp;22.7;22.7
2048;temp;22.3;22.7
1619;temp;19.8;6.8
2576;lpg;0.0077;?
2673;temp;19.8;6.8
2858;device;b8:27:eb:bf:9d:51;b8:27:eb:bf:9d:51
66;temp;19.7;19.7
1012;smoke;0.012;0.013999999999999999
2897;smoke;0.012;?
2662;humidity;76.5;?
353;smoke;0.013000000000000001;0.013999999999999999
200;co;0.0043;0.005
136;lpg;0.0077;0.0077
239;device;00:0f:00:70:91:0a;?
1414;device;00:0f:00:70:91:0a;?
2;co;0.0028;0.0029
330;light;0;?
1486;humidity;51.2;?
736;light;0;0
699;motion;0;0
1503;co;0.0026;?
1484;motion;0;0
1377;temp;22.6;22.7
608;co;0.005;0.005
2127;lpg;0.0077;0.0077
1934;device;b8:27:eb:bf:9d:51;b8:27:eb:bf:9d:51
1065;motion;0;0
2205;co;0.0042;0.005
2595;temp;22.6;22.6
887;humidity;77.9;?
2153;motion;0;0
2282;motion;0;0
1116;device;1c:bf:ce:15:ec:4d;1c:bf:ce:15:ec:4d
592;humidity;75.2;?
2833;light;0;0
2476;smoke;0.012;0.013999999999999999
2231;light;0;?
2993;light;1;?
287;co;0.005;0.005
2118;light;0;0
1923;light;1;1
1439;lpg;0.0077;0.0077
2818;humidity;76.8;?
2139;light;0;?
1581;lpg;0.0077;0.0077
2852;motion;0;0
2265;humidity;75.8;?
2537;co;0.0049;?
920;lpg;0.0068;0.0077
1445;device;00:0f:00:70:91:0a;?
2157;humidity;51.1;?
2884;light;0;0
26;device;00:0f:00:70:91:0a;?
739;device;00:0f:00:70:91:0a;?
1735;lpg;0.0077;0.0077
2401;lpg;0.0047;0.0051
1169;temp;22.6;22.7
2637;light;0;?
2365;motion;0;0
955;lpg;0.005;0.0051
7;lpg;0.0077;0.0077
2889;light;1;1
1642;light;0;0
73;light;0;?
2867;motion;0;0
110;smoke;0.021;?
1416;light;1;1
2297;motion;0;0
878;device;b8:27:eb:bf:9d:51;b8:27:eb:bf:9d:51
423;light;0;?
262;device;00:0f:00:70:91:0a;00:0f:00:70:91:0a
1997;humidity;77.9;?
803;motion;0;0
2560;motion;0;0
1576;motion;0;0
2435;light;0;0
337;device;b8:27:eb:bf:9d:51;b8:27:eb:bf:9d:51
2797;smoke;0.012;0.013999999999999999
2082;device;00:0f:00:70:91:0a;?
1589;light;1;1
1203;humidity;76.2;?
2276;device;b8:27:eb:bf:9d:51;b8:27:eb:bf:9d:51
406;lpg;0.0077;0.0077
2894;light;0;?
293;motion;0;0
1318;device;00:0f:00:70:91:0a;?
1223;lpg;0.0078;?
1012;temp;19.7;6.8
142;humidity;51.0;?
633;lpg;0.0077;0.0077
156;device;00:0f:00:70:91:0a;?
1625;lpg;0.0077;0.0077
2199;temp;26.8;?
1089;temp;22.6;22.7
2204;motion;0;0
2291;light;1;1
481;temp;22.0;22.7
2741;device;1c:bf:ce:15:ec:4d;1c:bf:ce:15:ec:4d
1224;humidity;75.9;?
325;motion;0;0
478;motion;0;0
337;humidity;49.2;?
1380;smoke;0.021;?
1849;motion;0;0
2675;co;0.0042;?
2956;co;0.0049;?
807;temp;19.6;?
1061;light;0;?
1739;lpg;0.0077;0.0077
1081;light;0;?
2007;lpg;0.006999999999999999;0.0077
2399;temp;26.8;?
2359;light;1;?
342;co;0.005;0.005
1440;device;00:0f:00:70:91:0a;?
1709;device;00:0f:00:70:91:0a;?
36;motion;0;0
622;light;0;0
519;temp;19.5;6.8
2668;motion;0;0
2395;humidity;76.2;?
2158;motion;0;0
2999;device;00:0f:00:70:91:0a;?
1486;co;0.005;0.005
134;light;0;?
555;device;b8:27:eb:bf:9d:51;?
87;lpg;0.0052;0.0051
241;motion;0;0
2463;motion;0;0
1688;lpg;0.0048;0.0051
2160;smoke;0.021;?
1527;motion;0;0
599;humidity;75.3;?
1164;device;1c:bf:ce:15:ec:4d;1c:bf:ce:15:ec:4d
2094;device;00:0f:00:70:91:0a;?
2424;device;1c:bf:ce:15:ec:4d;1c:bf:ce:15:ec:4d
101;co;0.005;0.005
1946;lpg;0.0077;0.0077
386;light;0;0
533;device;00:0f:00:70:91:0a;00:0f:00:70:91:0a
138;smoke;0.02;?
1152;smoke;0.021;?
2782;light;0;?
2640;motion;0;0
1803;smoke;0.018000000000000002;0.02
174;co;0.005;0.005
1964;humidity;51.3;?
2785;light;0;?
981;humidity;51.1;?
1964;co;0.005;0.005
548;temp;22.1;22.7
566;smoke;0.019;0.02
270;smoke;0.021;?
2873;humidity;51.3;?
597;humidity;50.3;?
2657;smoke;0.018000000000000002;?
1005;co;0.0026;?
1804;lpg;0.0077;0.0077
1938;temp;19.5;?
500;lpg;0.0068;0.0077
261;motion;0;0
1115;light;0;?
793;humidity;75.4;?
1304;co;0.0051;?
1205;humidity;51.1;?
2718;light;0;?
115;co;0.0049;0.005
1828;lpg;0.0048;0.0051
1077;light;0;?
1720;lpg;0.0077;0.0077
14;smoke;0.019;0.02
991;motion;0;0
381;humidity;74.8;?
1034;light;0;?
509;co;0.005;0.005
2120;device;1c:bf:ce:15:ec:4d;?
1607;co;0.0026;?
475;humidity;74.6;?
2670;light;0;?
752;co;0.0044;0.005
1858;co;0.005;0.005
1019;temp;19.7;6.8
1881;temp;19.5;6.8
361;motion;0;0
700;device;1c:bf:ce:15:ec:4d;1c:bf:ce:15:ec:4d
2968;lpg;0.0076;?
850;humidity;75.8;?
1003;device;1c:bf:ce:15:ec:4d;1c:bf:ce:15:ec:4d
240;motion;0;0
1027;temp;22.5;22.7
2259;smoke;0.018000000000000002;0.02
1745;device;00:0f:00:70:91:0a;?
417;temp;22.2;22.7
598;co;0.0045;0.005
1011;lpg;0.0077;0.0077
238;lpg;0.0077;0.0077
168;temp;22.6;22.7
1322;device;b8:27:eb:bf:9d:51;b8:27:eb:bf:9d:51
1674;motion;0;0
280;device;b8:27:eb:bf:9d:51;b8:27:eb:bf:9d:51
813;temp;22.5;22.7
2135;co;0.005;0.005
968;lpg;0.0078;0.0077
2670;temp;19.8;?
500;co;0.0042;0.005
565;co;0.005;?
1149;motion;0;0
2047;device;b8:27:eb:bf:9d:51;b8:27:eb:bf:9d:51
2616;device;1c:bf:ce:15:ec:4d;?
2115;device;b8:27:eb:bf:9d:51;b8:27:eb:bf:9d:51
162;smoke;0.013000000000000001;0.013999999999999999
2936;motion;0;0
2520;humidity;75.3;?
2721;co;0.0049;?
2034;temp;26.8;27.0
2852;lpg;0.0045;?
1689;humidity;77.8;?
2822;co;0.0049;?
1736;co;0.0042;0.005
1374;smoke;0.012;0.013999999999999999
19;device;1c:bf:ce:15:ec:4d;1c:bf:ce:15:ec:4d
2917;co;0.0049;?
1223;smoke;0.021;?
2358;co;0.005;0.005
1421;lpg;0.0048;0.0051
384;light;0;?
2592;light;0;0
1487;light;0;?
2485;temp;22.6;22.7
168;co;0.005;0.005
1152;motion;0;0
899;temp;22.5;22.7
2804;light;0;?
2640;light;0;?
1657;lpg;0.0048;?
2957;humidity;77.4;?
2190;smoke;0.02;?
39;temp;22.7;22.7
508;device;00:0f:00:70:91:0a;?
2786;humidity;51.3;?
1106;humidity;76.3;?
2421;co;0.0042;0.005
603;humidity;75.3;?
2139;motion;0;0
486;lpg;0.0077;0.0077
1271;light;0;0
2870;humidity;51.3;?
2019;co;0.005;0.005
1255;motion;0;0
939;motion;0;0
2522;motion;0;0
169;device;b8:27:eb:bf:9d:51;b8:27:eb:bf:9d:51
2634;smoke;0.02;?
1013;lpg;0.006999999999999999;0.0077
1149;temp;19.7;6.8
1705;motion;0;0
640;device;00:0f:00:70:91:0a;?
485;motion;0;0
1892;humidity;49.1;?
674;lpg;0.0078;0.0077
2630;smoke;0.012;0.013999999999999999
1083;device;b8:27:eb:bf:9d:51;b8:27:eb:bf:9d:51
804;smoke;0.013000000000000001;0.013999999999999999
2245;lpg;0.0047;0.0051
1691;smoke;0.012;0.013999999999999999
2743;temp;19.8;6.8
2494;device;b8:27:eb:bf:9d:51;b8:27:eb:bf:9d:51
1876;motion;0;0
387;smoke;0.02;?
2445;humidity;77.8;?
338;co;0.0028;?
1298;device;b8:27:eb:bf:9d:51;b8:27:eb:bf:9d:51
1721;device;00:0f:00:70:91:0a;?
118;co;0.0028;0.0029
903;lpg;0.0049;?
1733;smoke;0.021;?
2174;temp;26.8;27.0
1560;lpg;0.0077;0.0077
2874;smoke;0.02;?
2806;light;1;1
2442;humidity;51.3;?
1676;co;0.005;0.005
440;co;0.005;0.005
413;co;0.005;0.005
931;motion;0;0
2724;lpg;0.0076;0.0077
954;motion;0;0
265;motion;0;0
1743;lpg;0.0068;0.0077
896;humidity;75.7;?
2722;temp;26.7;?
1552;humidity;51.2;?
261;temp;22.6;22.7
2255;temp;22.5;22.7
906;motion;0;0
2035;temp;19.5;6.8
1114;smoke;0.021;?
2972;light;1;?
1035;temp;22.6;22.7
1062;motion;0;0
2660;light;1;1
1093;smoke;0.021;?
1609;humidity;51.3;?
190;lpg;0.0077;0.0077
1648;device;b8:27:eb:bf:9d:51;b8:27:eb:bf:9d:51
1100;humidity;51.2;?
2423;temp;22.5;22.7
2755;lpg;0.0076;?
2866;device;b8:27:eb:bf:9d:51;b8:27:eb:bf:9d:51
785;temp;22.5;?
2821;motion;0;0
2211;light;1;1
926;lpg;0.0078;0.0077
2098;motion;0;0
2929;smoke;0.018000000000000002;?
2731;lpg;0.0076;?
1756;temp;19.6;6.8
1186;smoke;0.012;0.013999999999999999
1036;smoke;0.012;0.013999999999999999
1571;humidity;76.4;?
787;light;0;?
2166;light;0;?
1178;light;0;0
1009;motion;0;0
2985;light;0;?
721;temp;19.6;6.8
1667;motion;0;0
97;smoke;0.019;0.02
2013;motion;0;0
1214;temp;27.0;27.0
855;lpg;0.0068;0.0077
2724;co;0.005;0.005
234;lpg;0.0051;0.0051
2802;device;b8:27:eb:bf:9d:51;b8:27:eb:bf:9d:51
218;co;0.005;0.005
2343;smoke;0.018000000000000002;?
2767;motion;0;0
1553;lpg;0.0048;0.0051
2791;lpg;0.0068;0.0077
965;humidity;51.1;?
2020;smoke;0.021;?
979;humidity;51.1;?
1535;device;b8:27:eb:bf:9d:51;b8:27:eb:bf:9d:51
2896;device;b8:27:eb:bf:9d:51;b8:27:eb:bf:9d:51
676;motion;0;0
2297;smoke;0.018000000000000002;0.02
2489;light;0;?
410;device;00:0f:00:70:91:0a;?
2847;lpg;0.0045;0.0051
2594;smoke;0.012;?
73;lpg;0.0077;0.0077
2745;lpg;0.0068;0.0077
348;temp;27.0;27.0
2459;humidity;51.2;?
2012;lpg;0.0047;?
1988;light;1;1
2695;humidity;51.3;?
2484;lpg;0.0069;?
1387;temp;26.9;27.0
1089;lpg;0.0077;0.0077
936;humidity;76.1;?
2682;smoke;0.02;?
1270;motion;0;0
1847;co;0.005;0.005
222;device;b8:27:eb:bf:9d:51;?
471;device;1c:bf:ce:15:ec:4d;1c:bf:ce:15:ec:4d
2082;smoke;0.012;?
1627;lpg;0.0077;0.0077
282;light;0;0
2480;smoke;0.02;?
2181;smoke;0.02;0.02
2466;smoke;0.018000000000000002;?
950;temp;22.5;22.7
2203;co;0.005;0.005
903;device;00:0f:00:70:91:0a;?
2043;device;1c:bf:ce:15:ec:4d;1c:bf:ce:15:ec:4d
597;temp;22.2;22.7
618;motion;0;0
2769;light;1;?
2364;light;0;0
951;lpg;0.006999999999999999;?
860;light;0;?
1905;light;0;0
1624;motion;0;0
2859;co;0.0049;?
1871;light;0;?
2392;temp;22.5;22.7
1398;co;0.005;0.005
1032;light;1;1
2925;device;b8:27:eb:bf:9d:51;b8:27:eb:bf:9d:51
732;device;b8:27:eb:bf:9d:51;?
2417;device;b8:27:eb:bf:9d:51;b8:27:eb:bf:9d:51
43;motion;0;0
2138;lpg;0.0077;0.0077
2892;motion;0;0
1468;co;0.0042;0.005
2222;device;00:0f:00:70:91:0a;?
1802;co;0.005;0.005
2321;smoke;0.021;?
990;motion;0;0
1194;smoke;0.013000000000000001;0.013999999999999999
2195;co;0.005;0.005
591;device;b8:27:eb:bf:9d:51;b8:27:eb:bf:9d:51
129;lpg;0.0076;0.0077
873;lpg;0.0078;0.0077
692;lpg;0.0051;?
1897;light;0;?
107;device;b8:27:eb:bf:9d:51;b8:27:eb:bf:9d:51
2902;motion;0;0
1215;temp;22.6;22.7
518;co;0.005;0.005
97;lpg;0.0071;0.0077
1762;co;0.005;0.005
2224;smoke;0.021;0.02
2038;motion;0;0
2277;light;0;?
2667;co;0.0049;0.005
1651;smoke;0.021;?
575;temp;19.5;6.8
1437;humidity;76.5;?
1223;temp;22.6;?
2850;device;00:0f:00:70:91:0a;00:0f:00:70:91:0a
2123;humidity;77.5;?
1496;humidity;77.6;?
740;co;0.0043;0.005
352;humidity;49.2;?
2268;lpg;0.0077;0.0077
771;temp;19.6;6.8
1460;temp;19.7;6.8
2129;lpg;0.0048;?
481;co;0.005;0.005
13;lpg;0.0077;0.0077
2553;co;0.0042;?
785;light;0;?
541;smoke;0.021;?
2868;temp;22.7;22.7
1751;light;0;?
177;temp;19.7;6.8
2660;motion;0;0
2993;humidity;76.9;?
1763;smoke;0.012;0.013999999999999999
1237;light;0;0
2971;co;0.0049;?
1080;device;00:0f:00:70:91:0a;?
812;humidity;78.0;?
2684;temp;22.6;22.7
1870;temp;22.1;22.7
2373;temp;22.5;22.7
2369;lpg;0.0046;?
1104;device;b8:27:eb:bf:9d:51;b8:27:eb:bf:9d:51
1256;co;0.005;0.005
628;smoke;0.013000000000000001;0.013999999999999999
53;temp;27.0;27.0
1871;co;0.005;0.005
332;humidity;77.8;?
2953;co;0.0049;?
2533;motion;0;0
2842;light;0;?
80;temp;19.8;6.8
1815;smoke;0.021;?
1345;humidity;76.2;?
2476;lpg;0.0047;0.0051
347;device;b8:27:eb:bf:9d:51;b8:27:eb:bf:9d:51
1333;co;0.0043;0.005
332;device;1c:bf:ce:15:ec:4d;1c:bf:ce:15:ec:4d
576;light;0;0
510;smoke;0.018000000000000002;0.02
43;light;1;1
846;temp;22.5;22.7
766;device;b8:27:eb:bf:9d:51;b8:27:eb:bf:9d:51
1542;co;0.0026;0.0029
2995;lpg;0.0045;?
371;smoke;0.021;?
1461;motion;0;0
857;device;00:0f:00:70:91:0a;?
2309;motion;0;0
2454;motion;0;0
2235;light;0;0
1910;humidity;49.8;?
2005;co;0.0026;?
1892;lpg;0.0077;0.0077
881;temp;27.0;27.0
1886;device;b8:27:eb:bf:9d:51;b8:27:eb:bf:9d:51
2494;smoke;0.02;?
1645;humidity;75.7;?
2259;humidity;77.9;?
1354;co;0.005;0.005
1464;light;0;?
1296;lpg;0.0077;0.0077
1114;lpg;0.0078;0.0077
720;device;1c:bf:ce:15:ec:4d;1c:bf:ce:15:ec:4d
87;device;00:0f:00:70:91:0a;?
141;lpg;0.0071;0.0077
1756;light;0;0
1699;co;0.005;0.005
1429;device;b8:27:eb:bf:9d:51;b8:27:eb:bf:9d:51
2529;humidity;51.3;?
2597;temp;26.7;?
1544;temp;26.9;27.0
153;temp;19.7;6.8
1800;device;1c:bf:ce:15:ec:4d;1c:bf:ce:15:ec:4d
507;humidity;49.5;?
2237;smoke;0.02;?
204;device;00:0f:00:70:91:0a;?
763;smoke;0.021;?
2184;light;0;0
2613;smoke;0.018000000000000002;?
42;humidity;75.9;?
2104;smoke;0.018000000000000002;0.02
196;device;b8:27:eb:bf:9d:51;b8:27:eb:bf:9d:51
2131;motion;0;0
1087;lpg;0.0071;0.0077
379;motion;0;0
1403;lpg;0.0077;0.0077
1654;lpg;0.0068;0.0077
2365;light;0;?
2177;motion;0;0
2966;humidity;76.7;?
41;smoke;0.02;0.02
1228;motion;0;0
2542;light;0;0
2413;motion;0;0
299;device;1c:bf:ce:15:ec:4d;1c:bf:ce:15:ec:4d
592;motion;0;0
2490;humidity;75.1;?
2745;temp;26.7;?
894;temp;27.0;27.0
2266;temp;26.8;27.0
1744;motion;0;0
2209;motion;0;0
490;lpg;0.0068;0.0077
633;smoke;0.021;?
46;light;1;1
1426;humidity;77.9;?
660;device;00:0f:00:70:91:0a;?
1408;device;b8:27:eb:bf:9d:51;b8:27:eb:bf:9d:51
2220;smoke;0.018000000000000002;0.02
2892;co;0.0043;0.005
639;humidity;77.9;?
1133;lpg;0.0077;0.0077
805;device;b8:27:eb:bf:9d:51;b8:27:eb:bf:9d:51
78;humidity;50.8;?
1632;temp;19.8;6.8
798;light;1;1
1464;device;b8:27:eb:bf:9d:51;b8:27:eb:bf:9d:51
2553;light;1;?
960;motion;0;0
2538;humidity;76.3;?
1678;smoke;0.021;?
2217;lpg;0.0068;0.0077
373;lpg;0.0069;0.0077
2898;smoke;0.019;?
1922;smoke;0.021;?
1894;device;1c:bf:ce:15:ec:4d;1c:bf:ce:15:ec:4d
2348;light;1;1
560;temp;19.5;6.8
1390;humidity;77.5;?
338;smoke;0.013000000000000001;0.02
2273;smoke;0.012;?
53;device;1c:bf:ce:15:ec:4d;1c:bf:ce:15:ec:4d
830;lpg;0.006999999999999999;0.0077
2456;co;0.005;?
1255;device;00:0f:00:70:91:0a;00:0f:00:70:91:0a
918;co;0.005;0.005
1627;co;0.005;0.005
2007;co;0.0043;0.005
2125;humidity;75.6;?
2935;light;0;?
397;lpg;0.0077;0.0077
65;motion;0;0
1711;humidity;75.2;?
1428;device;00:0f:00:70:91:0a;?
257;smoke;0.018000000000000002;0.02
2482;temp;19.7;6.8
2541;lpg;0.0068;?
2530;device;1c:bf:ce:15:ec:4d;1c:bf:ce:15:ec:4d
2358;lpg;0.0077;0.0077
1275;lpg;0.0048;0.0051
1896;humidity;74.9;?
17;device;b8:27:eb:bf:9d:51;b8:27:eb:bf:9d:51
2855;humidity;51.4;?
1848;humidity;48.8;?
906;temp;22.5;22.7
747;device;00:0f:00:70:91:0a;?
2448;motion;0;0
2181;device;b8:27:eb:bf:9d:51;?
497;device;b8:27:eb:bf:9d:51;b8:27:eb:bf:9d:51
382;light;0;0
998;light;0;0
1395;lpg;0.0048;0.0051
422;smoke;0.013000000000000001;0.013999999999999999
154;motion;0;0
642;humidity;78.0;?
860;motion;0;0
2492;device;1c:bf:ce:15:ec:4d;?
1183;lpg;0.0049;0.0051
2714;lpg;0.0069;0.0077
2038;lpg;0.0077;0.0077
1550;co;0.005;0.005
1968;lpg;0.0068;0.0077
824;smoke;0.013000000000000001;0.013999999999999999
424;smoke;0.018000000000000002;0.02
125;device;00:0f:00:70:91:0a;00:0f:00:70:91:0a
1468;lpg;0.0068;0.0077
63;device;00:0f:00:70:91:0a;?
1048;lpg;0.006999999999999999;0.0077
581;light;0;?
1260;lpg;0.0048;0.0051
1756;co;0.0026;0.0029
2059;light;0;?
1456;smoke;0.018000000000000002;0.02
995;device;00:0f:00:70:91:0a;?
1795;motion;0;0
1573;lpg;0.0069;0.0077
1639;device;00:0f:00:70:91:0a;?
710;co;0.0043;0.005
104;smoke;0.02;?
913;humidity;51.1;?
310;co;0.005;0.005
1234;light;1;?
428;smoke;0.02;?
2038;humidity;51.5;?
1515;temp;26.9;27.0
2376;light;0;?
2135;motion;0;0
2797;light;0;0
286;co;0.0027;0.0029
1556;humidity;76.4;?
506;lpg;0.0051;0.0051
149;co;0.005;0.005
2505;co;0.0025;?
1189;humidity;51.2;?
547;temp;19.5;6.8
1409;device;b8:27:eb:bf:9d:51;b8:27:eb:bf:9d:51
1622;device;1c:bf:ce:15:ec:4d;1c:bf:ce:15:ec:4d
1440;lpg;0.0048;?
1631;light;0;?
2484;co;0.0043;?
1695;smoke;0.021;?
2399;humidity;77.7;?
1994;co;0.005;0.005
183;smoke;0.013000000000000001;0.013999999999999999
3000;co;0.0042;?
1960;motion;0;0
73;smoke;0.02;0.02
873;motion;0;0
1125;temp;27.0;27.0
1668;lpg;0.0077;0.0077
157;device;b8:27:eb:bf:9d:51;b8:27:eb:bf:9d:51
2401;light;0;0
25;light;0;?
1848;co;0.005;0.005
1243;motion;0;0
2532;motion;0;0
27;temp;27.0;27.0
2559;lpg;0.0077;?
1336;motion;0;0
1195;co;0.005;0.005
993;humidity;77.6;?
1209;smoke;0.021;?
97;device;1c:bf:ce:15:ec:4d;1c:bf:ce:15:ec:4d
2627;light;0;?
2175;temp;22.4;22.7
2905;lpg;0.0076;0.0077
1454;device;00:0f:00:70:91:0a;?
1089;co;0.005;0.005
785;co;0.0051;0.005
2810;light;1;?
2024;motion;0;0
2670;device;00:0f:00:70:91:0a;?
1738;lpg;0.0048;0.0051
116;temp;27.0;27.0
2913;light;0;0
2332;lpg;0.0077;0.0077
63;light;0;?
2596;lpg;0.0046;?
2544;lpg;0.0077;?
2126;temp;26.8;27.0
140;co;0.005;0.005
2677;motion;0;0
404;temp;22.2;22.7
2710;temp;26.8;?
534;temp;22.0;22.7
1596;motion;0;0
1907;temp;26.8;27.0
190;motion;0;0
1500;light;0;0
1222;humidity;77.7;?
981;co;0.0051;0.005
2907;lpg;0.0066;?
1155;lpg;0.0077;0.0077
1425;co;0.005;0.005
1652;temp;19.8;6.8
2179;light;0;?
947;co;0.0043;0.005
159;lpg;0.0051;0.0051
1630;humidity;77.6;?
2735;motion;0;0
2790;temp;22.7;22.7
1338;device;00:0f:00:70:91:0a;?
2761;co;0.0025;0.0029
1961;temp;19.5;6.8
1640;light;1;1
2012;device;00:0f:00:70:91:0a;?
397;smoke;0.021;?
764;temp;22.4;?
1076;temp;22.6;22.7
1830;lpg;0.0077;0.0077
2500;temp;19.7;6.8
1348;co;0.0044;0.005
1240;lpg;0.0048;0.0051
174;temp;22.7;22.7
2604;lpg;0.0077;0.0077
1890;co;0.005;0.005
1820;motion;0;0
2619;humidity;76.4;?
1157;smoke;0.018000000000000002;0.02
162;motion;0;0
517;motion;0;0
617;motion;0;0
2626;motion;0;0
49;lpg;0.0071;0.0077
2985;temp;22.7;22.7
2918;motion;0;0
2839;light;0;?
1885;co;0.0043;0.005
1769;motion;0;0
2356;temp;19.7;6.8
455;temp;27.0;27.0
2567;temp;26.8;?
1868;temp;19.5;6.8
2907;light;1;?
1204;humidity;78.0;?
1588;lpg;0.0077;0.0077
704;device;00:0f:00:70:91:0a;?
1352;smoke;0.012;0.013999999999999999
977;device;b8:27:eb:bf:9d:51;b8:27:eb:bf:9d:51
1107;lpg;0.0078;0.0077
1896;device;00:0f:00:70:91:0a;?
2674;humidity;51.3;?
1115;humidity;76.1;?
1362;light;0;?
311;temp;22.5;22.7
785;device;b8:27:eb:bf:9d:51;?
390;smoke;0.02;?
277;smoke;0.021;?
2946;lpg;0.0045;?
2756;lpg;0.0045;?
2453;device;b8:27:eb:bf:9d:51;b8:27:eb:bf:9d:51
2226;lpg;0.006999999999999999;0.0077
1351;lpg;0.0077;0.0077
823;device;b8:27:eb:bf:9d:51;?
2892;light;1;1
1416;co;0.0042;0.005
1623;lpg;0.0077;0.0077
1246;temp;22.6;22.7
2246;smoke;0.021;?
2503;lpg;0.0069;?
2214;co;0.0042;0.005
2014;light;0;0
2257;humidity;75.7;?
49;device;1c:bf:ce:15:ec:4d;1c:bf:ce:15:ec:4d
2233;temp;22.5;22.7
1354;motion;0;0
2469;light;1;1
192;light;1;1
280;temp;22.6;22.7
1817;lpg;0.0077;0.0077
1542;temp;19.8;6.8
1750;humidity;77.9;?
1473;light;0;0
944;light;0;?
1293;co;0.005;0.005
985;device;b8:27:eb:bf:9d:51;?
543;device;00:0f:00:70:91:0a;00:0f:00:70:91:0a
550;temp;22.1;22.7
1219;lpg;0.0077;0.0077
382;temp;22.3;22.7
2920;humidity;76.7;?
2988;smoke;0.012;?
1971;temp;22.1;22.7
1182;light;0;?
62;device;1c:bf:ce:15:ec:4d;1c:bf:ce:15:ec:4d
2943;smoke;0.02;?
983;motion;0;0
709;light;0;?
1857;light;1;1
1986;co;0.0042;0.005
2385;co;0.005;?
2424;motion;0;0
1136;co;0.0042;0.005
2085;co;0.0026;?
1071;lpg;0.0069;0.0077
2812;light;0;0
214;light;0;0
407;smoke;0.013000000000000001;?
2894;humidity;76.5;?
1427;smoke;0.021;?
2326;smoke;0.012;0.013999999999999999
2592;co;0.005;0.005
1179;motion;0;0
1230;lpg;0.0077;0.0077
2189;light;0;0
2460;motion;0;0
1722;device;b8:27:eb:bf:9d:51;b8:27:eb:bf:9d:51
718;motion;0;0
767;humidity;77.8;?
1076;co;0.005;0.005
84;motion;0;0
525;humidity;50.2;?
991;smoke;0.013000000000000001;0.013999999999999999
281;co;0.0043;0.005
2256;motion;0;0
1355;humidity;76.3;?
269;lpg;0.0051;0.0051
1792;motion;0;0
2160;device;b8:27:eb:bf:9d:51;b8:27:eb:bf:9d:51
1985;device;00:0f:00:70:91:0a;00:0f:00:70:91:0a
2947;lpg;0.006999999999999999;0.0077
2466;light;1;?
2979;humidity;76.7;?
1013;temp;27.0;27.0
205;lpg;0.0077;0.0077
2008;smoke;0.021;?
404;lpg;0.0077;0.0077
1375;co;0.0043;0.005
2089;co;0.005;0.005
217;motion;0;0
1025;co;0.0044;0.005
247;device;00:0f:00:70:91:0a;?
2379;device;00:0f:00:70:91:0a;?
236;motion;0;0
2891;smoke;0.02;?
2534;motion;0;0
671;light;0;0
1130;light;0;?
1517;humidity;51.2;?
1573;humidity;77.6;?
2794;lpg;0.0069;?
1996;smoke;0.021;?
1832;smoke;0.021;?
890;temp;22.5;22.7
370;device;1c:bf:ce:15:ec:4d;1c:bf:ce:15:ec:4d
1873;motion;0;0
1506;co;0.0026;?
2811;humidity;51.2;?
2642;smoke;0.02;?
2548;lpg;0.0068;?
1348;smoke;0.019;0.02
421;co;0.005;0.005
265;humidity;75.1;?
227;co;0.0028;0.0029
2152;light;0;?
1536;temp;22.7;22.7
2765;device;00:0f:00:70:91:0a;?
2134;device;00:0f:00:70:91:0a;?
246;smoke;0.021;?
986;light;1;1
1860;device;00:0f:00:70:91:0a;?
1823;temp;26.8;27.0
549;device;1c:bf:ce:15:ec:4d;1c:bf:ce:15:ec:4d
63;motion;0;0
1835;smoke;0.018000000000000002;0.02
1173;temp;22.6;22.7
2823;smoke;0.018000000000000002;?
353;humidity;74.8;?
1400;temp;22.6;22.7
1428;motion;0;0
812;motion;0;0
19;lpg;0.0071;0.0077
1702;device;b8:27:eb:bf:9d:51;b8:27:eb:bf:9d:51
1267;humidity;78.0;?
425;smoke;0.013000000000000001;0.013999999999999999
2877;temp;26.7;?
1298;humidity;51.1;?
840;humidity;51.2;?
1875;temp;19.5;6.8
1138;co;0.0042;0.005
649;device;00:0f:00:70:91:0a;?
2138;temp;22.4;22.7
2923;device;b8:27:eb:bf:9d:51;?
301;co;0.005;0.005
1740;temp;26.9;27.0
88;humidity;78.2;?
430;temp;19.6;6.8
1695;humidity;49.9;?
2337;device;00:0f:00:70:91:0a;?
564;motion;0;0
1120;humidity;51.1;?
1700;lpg;0.0068;0.0077
1475;co;0.005;0.005
2847;motion;0;0
868;motion;0;0
1675;co;0.0026;?
1360;device;b8:27:eb:bf:9d:51;b8:27:eb:bf:9d:51
1826;smoke;0.018000000000000002;0.02
2378;humidity;51.3;?
2890;lpg;0.0045;0.0051
1334;motion;0;0
1333;light;1;1
2169;co;0.005;0.005
408;co;0.005;0.005
1636;temp;22.6;22.7
1107;co;0.005;0.005
779;smoke;0.019;0.02
56;device;1c:bf:ce:15:ec:4d;1c:bf:ce:15:ec:4d
66;co;0.0029;0.0029
2131;humidity;77.6;?
2442;device;b8:27:eb:bf:9d:51;b8:27:eb:bf:9d:51
1294;temp;19.7;6.8
828;motion;0;0
1080;motion;0;0
907;temp;22.5;22.7
2511;humidity;75.5;?
2761;light;0;0
1451;device;b8:27:eb:bf:9d:51;b8:27:eb:bf:9d:51
1459;lpg;0.0069;0.0077
422;light;0;0
2128;co;0.005;0.005
2315;light;0;?
2707;motion;0;0
2195;humidity;51.3;?
2901;light;0;?
1854;smoke;0.018000000000000002;0.02
1999;temp;22.2;22.7
203;light;0;0
711;co;0.0051;0.005
2914;humidity;76.9;?
2072;light;0;?
2352;co;0.0025;0.0029
1344;co;0.005;0.005
2645;device;b8:27:eb:bf:9d:51;b8:27:eb:bf:9d:51
2120;light;1;?
762;humidity;75.9;?
1714;humidity;75.2;?
2294;humidity;51.3;?
157;co;0.005;0.005
109;lpg;0.0071;0.0077
23;co;0.005;0.005
1280;device;1c:bf:ce:15:ec:4d;1c:bf:ce:15:ec:4d
844;motion;0;0
1216;motion;0;0
951;temp;27.0;?
1896;lpg;0.0048;0.0051
484;motion;0;0
1151;smoke;0.021;?
768;smoke;0.021;?
2763;motion;0;0
1838;co;0.0026;0.0029
2055;motion;0;0
1809;smoke;0.012;0.013999999999999999
202;co;0.0028;0.0029
881;light;1;1
49;co;0.0044;0.005
2833;smoke;0.02;?
1966;motion;0;0
2594;humidity;76.2;?
1330;smoke;0.021;?
722;motion;0;0
1080;smoke;0.012;0.013999999999999999
1237;device;00:0f:00:70:91:0a;?
2488;humidity;51.3;?
477;light;1;1
1825;lpg;0.0048;?
1051;motion;0;0
10;smoke;0.02;?
1184;light;0;0
12;temp;27.0;27.0
2646;light;1;1
1214;device;1c:bf:ce:15:ec:4d;1c:bf:ce:15:ec:4d
165;temp;19.7;6.8
1052;lpg;0.0077;0.0077
1492;smoke;0.021;?
1123;smoke;0.018000000000000002;0.02
1826;temp;26.9;27.0
925;co;0.0027;?
2410;humidity;76.1;?
2357;co;0.005;0.005
2258;motion;0;0
472;temp;22.1;22.7
1044;lpg;0.0071;0.0077
663;motion;0;0
1651;temp;22.6;22.7
490;co;0.0042;0.005
1445;co;0.0026;0.0029
1492;device;b8:27:eb:bf:9d:51;b8:27:eb:bf:9d:51
2345;device;b8:27:eb:bf:9d:51;b8:27:eb:bf:9d:51
488;co;0.0027;0.0029
1869;device;1c:bf:ce:15:ec:4d;1c:bf:ce:15:ec:4d
111;motion;0;0
2614;light;0;0
1338;temp;19.8;6.8
1677;lpg;0.0068;0.0077
2458;device;1c:bf:ce:15:ec:4d;1c:bf:ce:15:ec:4d
635;humidity;77.9;?
1057;humidity;76.2;?
2861;humidity;76.6;?
2918;lpg;0.0076;0.0077
1569;co;0.005;0.005
2221;motion;0;0
1343;lpg;0.006999999999999999;0.0077
2386;smoke;0.012;?
182;temp;27.0;27.0
1473;temp;19.8;6.8
2712;temp;19.8;6.8
2183;smoke;0.021;?
1894;motion;0;0
1231;device;1c:bf:ce:15:ec:4d;1c:bf:ce:15:ec:4d
2948;temp;22.6;22.7
864;smoke;0.013000000000000001;0.013999999999999999
1324;lpg;0.006999999999999999;0.0077
202;temp;19.8;6.8
2612;temp;19.8;6.8
2809;light;0;0
1310;temp;22.6;22.7
838;light;0;?
112;temp;27.0;27.0
845;device;00:0f:00:70:91:0a;?
2198;humidity;75.6;?
2605;co;0.005;?
800;smoke;0.019;0.02
2337;humidity;76.0;?
1379;light;0;0
1679;light;0;?
7;humidity;50.9;?
1321;lpg;0.0069;0.0077
2240;temp;26.8;27.0
381;smoke;0.013000000000000001;0.013999999999999999
702;lpg;0.0078;0.0077
1250;temp;19.7;6.8
222;light;0;?
583;smoke;0.013000000000000001;?
2670;smoke;0.012;0.013999999999999999
2085;smoke;0.012;?
98;temp;22.6;22.7
1496;temp;26.9;27.0
2546;light;0;0
2433;light;0;?
1874;light;0;?
313;temp;27.0;27.0
986;temp;27.0;27.0
2967;lpg;0.0067;?
207;co;0.005;0.005
180;co;0.0029;0.0029
2089;smoke;0.021;?
2165;light;0;?
1483;lpg;0.0077;0.0077
2682;light;0;0
1106;light;0;?
1805;motion;0;0
1120;light;0;0
1543;temp;22.6;22.7
554;co;0.0043;0.005
1655;smoke;0.021;?
1493;smoke;0.013000000000000001;0.013999999999999999
1063;motion;0;0
1326;co;0.0026;0.0029
2143;co;0.0025;?
880;light;0;?
2905;temp;22.6;22.7
2504;device;b8:27:eb:bf:9d:51;b8:27:eb:bf:9d:51
2805;temp;22.6;?
2744;light;0;?
1579;humidity;51.2;?
1665;smoke;0.021;?
2965;co;0.0049;0.005
1789;smoke;0.021;?
1841;light;1;1
2536;light;0;?
1045;temp;22.6;22.7
326;device;00:0f:00:70:91:0a;00:0f:00:70:91:0a
2793;humidity;51.3;?
741;light;0;0
2322;lpg;0.0077;0.0077
161;motion;0;0
1096;light;1;1
204;co;0.0028;0.0029
1704;co;0.005;0.005
1827;device;b8:27:eb:bf:9d:51;b8:27:eb:bf:9d:51
1043;light;0;?
1146;lpg;0.0048;0.0051
2659;light;0;0
2533;lpg;0.0068;0.0077
2153;lpg;0.0048;?
17;motion;0;0
618;lpg;0.0077;0.0077
336;temp;27.0;27.0
555;light;0;?
2842;motion;0;0
1553;smoke;0.012;0.013999999999999999
1731;humidity;49.4;?
337;smoke;0.02;?
2399;lpg;0.0068;0.0077
346;smoke;0.013000000000000001;0.013999999999999999
1714;co;0.0026;0.0029
2853;humidity;51.3;?
2694;device;1c:bf:ce:15:ec:4d;?
677;temp;22.3;22.7
2055;light;0;0
757;smoke;0.021;?
1290;light;0;?
1962;device;b8:27:eb:bf:9d:51;b8:27:eb:bf:9d:51
1820;temp;22.2;22.7
2634;motion;0;0
1577;temp;22.7;22.6
861;humidity;78.2;?
2124;temp;22.4;22.7
1121;device;00:0f:00:70:91:0a;?
2569;smoke;0.012;?
248;device;b8:27:eb:bf:9d:51;b8:27:eb:bf:9d:51
1521;temp;26.9;27.0
2732;smoke;0.02;?
1409;co;0.005;0.005
1327;temp;22.6;22.6
1327;lpg;0.0077;0.0077
1750;motion;0;0
1178;motion;0;0
1236;light;0;0
1498;motion;0;0
2443;humidity;76.3;?
2853;co;0.005;0.005
1343;motion;0;0
1351;motion;0;0
2651;temp;19.8;6.8
119;smoke;0.02;?
155;temp;27.0;27.0
1786;smoke;0.018000000000000002;0.02
715;smoke;0.013000000000000001;0.013999999999999999
446;co;0.005;0.005
2100;co;0.0026;?
1266;humidity;76.2;?
2850;smoke;0.012;0.013999999999999999
603;smoke;0.013000000000000001;0.013999999999999999
2895;temp;26.7;?
2552;co;0.005;0.005
2820;device;00:0f:00:70:91:0a;?
69;humidity;78.2;?
438;temp;22.1;?
2232;smoke;0.012;?
853;co;0.0027;0.0029
1307;smoke;0.018000000000000002;0.02
2306;light;0;?
2601;humidity;76.3;?
2257;lpg;0.0047;?
2275;humidity;77.7;?
2513;co;0.005;0.005
1133;humidity;51.1;?
2834;humidity;76.8;?
2123;co;0.0041;?
342;device;b8:27:eb:bf:9d:51;b8:27:eb:bf:9d:51
2474;lpg;0.006999999999999999;0.0077
89;motion;0;0
1254;smoke;0.018000000000000002;0.02
127;lpg;0.0051;0.0051
1612;device;00:0f:00:70:91:0a;?
717;humidity;78.1;?
2338;co;0.0042;0.005
2420;lpg;0.0077;0.0077
2515;lpg;0.0077;?
656;co;0.0044;0.005
2583;lpg;0.0076;0.0077
2064;co;0.0026;0.0029
1029;humidity;76.2;?
1741;co;0.005;0.005
557;co;0.005;0.005
641;light;0;0
1137;humidity;51.2;?
778;smoke;0.021;?
320;co;0.0043;0.005
819;smoke;0.018000000000000002;0.02
1479;temp;19.8;6.8
2984;co;0.0024;?
1404;humidity;76.3;?
65;co;0.005;0.005
1472;device;1c:bf:ce:15:ec:4d;1c:bf:ce:15:ec:4d
2078;humidity;77.8;?
23;humidity;50.8;?
2942;co;0.0024;?
2150;lpg;0.0077;0.0077
1656;co;0.0042;0.005
1507;device;b8:27:eb:bf:9d:51;b8:27:eb:bf:9d:51
2141;light;0;?
273;motion;0;0
2805;motion;0;0
1192;lpg;0.0075;0.0077
346;lpg;0.0051;0.0051
2564;smoke;0.018000000000000002;?
349;light;0;?
1936;smoke;0.021;?
771;device;00:0f:00:70:91:0a;?
2706;smoke;0.02;?
1638;light;0;?
2590;smoke;0.018000000000000002;?
2723;smoke;0.012;0.013999999999999999
1144;co;0.0042;?
1423;humidity;77.8;?
1554;humidity;78.5;?
1660;device;1c:bf:ce:15:ec:4d;1c:bf:ce:15:ec:4d
604;lpg;0.0077;0.0077
549;co;0.0043;0.005
1079;temp;22.6;22.7
1127;temp;27.0;27.0
309;smoke;0.02;0.02
548;lpg;0.0077;0.0077
636;lpg;0.0077;0.0077
1487;device;b8:27:eb:bf:9d:51;b8:27:eb:bf:9d:51
2704;co;0.0049;?
412;co;0.0028;0.0029
2947;co;0.0044;0.005
2927;humidity;51.4;?
386;humidity;49.0;?
1609;co;0.005;0.005
2274;device;b8:27:eb:bf:9d:51;b8:27:eb:bf:9d:51
2895;co;0.0042;?
1981;smoke;0.021;?
2202;lpg;0.0046;?
289;co;0.005;0.005
2907;smoke;0.017;?
356;smoke;0.013000000000000001;0.013999999999999999
2261;co;0.0042;0.005
2192;smoke;0.018000000000000002;0.02
1016;device;00:0f:00:70:91:0a;?
2945;temp;22.7;22.6
2351;motion;0;0
1420;lpg;0.0078;0.0077
2123;temp;26.8;27.0
343;co;0.005;0.005
1800;lpg;0.0068;0.0077
1811;temp;26.8;27.0
2496;co;0.005;?
2520;temp;26.8;?
2650;motion;0;0
1754;motion;0;0
2187;temp;19.6;6.8
951;smoke;0.019;?
1373;lpg;0.0077;0.0077
2336;motion;0;0
2618;co;0.005;?
2276;temp;22.5;22.7
821;device;b8:27:eb:bf:9d:51;b8:27:eb:bf:9d:51
2515;light;0;?
2647;temp;19.8;6.8
2333;light;0;?
2456;temp;22.6;22.7
1478;motion;0;0
2860;light;0;?
114;smoke;0.013000000000000001;0.013999999999999999
2993;lpg;0.0068;?
2408;device;b8:27:eb:bf:9d:51;b8:27:eb:bf:9d:51
789;humidity;51.1;?
1278;co;0.005;0.005
2397;co;0.005;0.005
2842;temp;22.7;22.7
45;temp;22.6;22.7
754;smoke;0.019;0.02
2813;motion;0;0
2460;smoke;0.012;0.013999999999999999
521;motion;0;0
1530;motion;0;0
1782;co;0.005;0.005
2038;light;0;?
1304;motion;0;0
1320;motion;0;0
1827;light;0;?
679;smoke;0.018000000000000002;?
1954;humidity;77.8;?
11;lpg;0.0077;0.0077
2082;lpg;0.0048;?
408;temp;22.2;?
2114;temp;19.6;6.8
1450;co;0.0026;?
1013;co;0.0043;0.005
2455;motion;0;0
69;light;1;1
2934;lpg;0.0046;0.0051
735;humidity;51.1;?
2803;light;1;1
325;temp;22.4;22.7
980;co;0.0027;?
2750;lpg;0.0077;0.0077
194;motion;0;0
2328;lpg;0.0077;0.0077
1570;co;0.0043;0.005
1822;lpg;0.0048;0.0051
2011;lpg;0.0077;0.0077
2658;co;0.0024;0.0029
1391;motion;0;0
2984;light;0;?
650;co;0.005;0.005
2390;smoke;0.02;?
18;co;0.005;0.005
2563;lpg;0.0046;?
2453;temp;22.6;22.6
1606;light;0;?
2426;motion;0;0
2786;temp;22.7;?
1185;lpg;0.006999999999999999;0.0077
2983;light;0;?
2218;temp;19.6;6.8
2387;lpg;0.0069;?
1799;lpg;0.0077;0.0077
2241;light;0;?
2367;lpg;0.0077;?
1121;temp;19.7;6.8
1397;temp;27.0;27.0
230;co;0.005;0.005
911;co;0.0043;0.005
1088;co;0.0051;0.005
2614;lpg;0.0076;?
1008;light;0;0
360;temp;27.0;27.0
1165;temp;22.6;22.7
2718;smoke;0.012;0.013999999999999999
1678;lpg;0.0077;?
606;lpg;0.0077;0.0077
318;humidity;78.0;?
2655;smoke;0.012;?
1341;lpg;0.0048;?
2051;smoke;0.021;?
2766;humidity;51.2;?
2987;lpg;0.0076;?
1051;smoke;0.019;0.02
2509;light;0;0
2929;motion;0;0
1415;smoke;0.021;?
1598;device;1c:bf:ce:15:ec:4d;1c:bf:ce:15:ec:4d
617;lpg;0.0051;0.0051
291;humidity;50.0;?
1112;light;0;?
610;co;0.005;0.005
528;motion;0;0
2493;co;0.0026;?
1463;light;0;0
1956;motion;0;0
1465;device;1c:bf:ce:15:ec:4d;1c:bf:ce:15:ec:4d
1015;humidity;51.1;?
2125;co;0.0026;?
1838;humidity;74.6;?
358;lpg;0.0077;0.0077
2311;smoke;0.021;?
1045;co;0.0051;0.005
807;light;0;?
2346;lpg;0.0047;?
1194;lpg;0.0049;0.0051
2727;co;0.0043;0.005
1534;humidity;77.6;?
180;device;00:0f:00:70:91:0a;00:0f:00:70:91:0a
248;lpg;0.0077;0.0077
1749;light;0;0
1368;temp;19.8;6.8
1024;motion;0;0
25;humidity;50.9;?
2871;co;0.0041;?
83;device;00:0f:00:70:91:0a;00:0f:00:70:91:0a
858;motion;0;0
2526;smoke;0.012;?
2923;lpg;0.0077;?
143;co;0.005;0.005
1124;co;0.0051;0.005
1036;humidity;76.1;?
642;smoke;0.018000000000000002;0.02
1258;co;0.0026;0.0029
2684;humidity;51.3;?
1138;smoke;0.018000000000000002;0.02
255;smoke;0.021;?
1719;smoke;0.018000000000000002;0.02
659;humidity;77.9;?
1729;motion;0;0
27;lpg;0.006999999999999999;0.0077
1948;device;b8:27:eb:bf:9d:51;b8:27:eb:bf:9d:51
1053;co;0.0026;0.0029
2591;humidity;51.3;?
2500;humidity;76.1;?
1027;light;0;?
2996;device;b8:27:eb:bf:9d:51;b8:27:eb:bf:9d:51
2622;device;00:0f:00:70:91:0a;?
627;device;b8:27:eb:bf:9d:51;b8:27:eb:bf:9d:51
1961;device;00:0f:00:70:91:0a;00:0f:00:70:91:0a
1924;motion;0;0
2108;light;0;0
2019;motion;0;0
765;motion;0;0
2543;device;b8:27:eb:bf:9d:51;b8:27:eb:bf:9d:51
1857;humidity;77.9;?
2319;smoke;0.018000000000000002;0.02
364;motion;0;0
842;lpg;0.0077;0.0077
617;humidity;75.1;?
1268;device;b8:27:eb:bf:9d:51;b8:27:eb:bf:9d:51
931;device;00:0f:00:70:91:0a;?
1062;light;1;1
1817;smoke;0.021;?
1993;humidity;77.9;?
1952;light;0;?
2762;light;0;?
2965;lpg;0.0076;0.0077
1431;temp;19.8;6.8
662;smoke;0.021;?
634;humidity;75.4;?
206;light;0;?
1977;co;0.005;0.005
339;motion;0;0
561;device;b8:27:eb:bf:9d:51;b8:27:eb:bf:9d:51
2767;co;0.0025;0.0029
2901;co;0.0049;?
2376;lpg;0.0076;?
2233;co;0.005;0.005
1802;lpg;0.0077;0.0077
2742;light;0;0
2398;co;0.005;?
1964;lpg;0.0077;0.0077
727;smoke;0.021;?
2441;device;1c:bf:ce:15:ec:4d;?
1193;smoke;0.021;?
1188;lpg;0.0048;0.0051
998;smoke;0.012;0.013999999999999999
1017;motion;0;0
1172;light;0;?
1576;smoke;0.018000000000000002;0.02
2119;co;0.005;0.005
869;light;0;0
2009;co;0.0026;0.0029
1688;temp;19.7;6.8
2486;humidity;76.2;?
1776;smoke;0.012;0.013999999999999999
2104;light;1;1
1327;humidity;51.0;?
1229;co;0.0027;0.0029
2669;smoke;0.02;?
914;lpg;0.0069;0.0077
778;temp;22.5;22.7
1551;smoke;0.018000000000000002;0.02
1465;light;1;1
138;device;b8:27:eb:bf:9d:51;b8:27:eb:bf:9d:51
106;smoke;0.013000000000000001;0.013999999999999999
206;device;b8:27:eb:bf:9d:51;b8:27:eb:bf:9d:51
2393;motion;0;0
1785;temp;22.3;?
1631;temp;22.7;22.7
171;co;0.005;0.005
670;temp;22.3;22.7
1487;humidity;51.2;?
488;motion;0;0
812;temp;27.0;?
1747;lpg;0.0077;0.0077
256;temp;22.6;22.7
1233;device;00:0f:00:70:91:0a;?
726;humidity;78.0;?
2293;motion;0;0
2924;smoke;0.012;0.013999999999999999
2040;lpg;0.0068;0.0077
2348;motion;0;0
2771;humidity;51.3;?
1693;light;0;?
1244;device;1c:bf:ce:15:ec:4d;1c:bf:ce:15:ec:4d
557;lpg;0.0077;0.0077
1875;humidity;74.7;?
1382;device;00:0f:00:70:91:0a;?
2617;light;0;0
1701;motion;0;0
2677;light;0;0
2181;temp;22.4;?
234;light;0;0
831;lpg;0.0078;0.0077
449;humidity;48.8;?
1227;temp;26.9;27.0
867;lpg;0.0073;0.0077
487;motion;0;0
2549;humidity;51.3;?
2848;temp;22.6;?
2100;light;0;?
451;smoke;0.013000000000000001;0.013999999999999999
1318;humidity;76.2;?
2390;motion;0;0
1765;smoke;0.021;?
527;temp;22.0;22.7
1785;humidity;49.1;?
1736;temp;26.9;27.0
1941;humidity;78.1;?
1887;motion;0;0
1814;humidity;77.9;?
1859;temp;22.1;22.7
2450;lpg;0.0047;?
619;smoke;0.018000000000000002;0.02
2489;lpg;0.0076;?
207;smoke;0.021;?
210;smoke;0.021;0.02
1578;co;0.0026;?
2513;motion;0;0
1956;device;00:0f:00:70:91:0a;?
689;device;b8:27:eb:bf:9d:51;b8:27:eb:bf:9d:51
1517;motion;0;0
2934;smoke;0.012;0.013999999999999999
189;motion;0;0
2572;lpg;0.0077;?
186;smoke;0.021;0.02
2253;temp;22.5;22.7
2941;device;b8:27:eb:bf:9d:51;b8:27:eb:bf:9d:51
1240;light;0;?
2981;lpg;0.0045;?
2365;device;00:0f:00:70:91:0a;?
1662;lpg;0.0077;0.0077
1855;light;0;?
2237;light;0;0
195;temp;22.7;22.7
2475;co;0.005;?
1106;motion;0;0
1922;light;0;0
2016;motion;0;0
323;motion;0;0
2679;temp;19.8;6.8
2097;temp;19.6;6.8
879;co;0.0051;0.005
342;motion;0;0
1777;device;1c:bf:ce:15:ec:4d;1c:bf:ce:15:ec:4d
2796;temp;26.7;?
529;temp;22.0;22.7
2528;device;00:0f:00:70:91:0a;?
1207;device;b8:27:eb:bf:9d:51;b8:27:eb:bf:9d:51
2598;humidity;51.3;?
2959;light;0;?
1132;device;00:0f:00:70:91:0a;?
1124;lpg;0.0078;0.0077
2935;co;0.005;0.005
1585;temp;19.8;6.8
2326;temp;19.7;6.8
2493;temp;19.7;?
2290;temp;22.5;22.7
2024;device;b8:27:eb:bf:9d:51;b8:27:eb:bf:9d:51
2543;motion;0;0
249;device;1c:bf:ce:15:ec:4d;1c:bf:ce:15:ec:4d
600;smoke;0.021;?
2945;lpg;0.0076;0.0077
1329;co;0.0026;0.0029
1394;light;1;1
1230;humidity;51.1;?
20;motion;0;0
1715;motion;0;0
665;motion;0;0
1620;temp;26.9;27.0
848;device;1c:bf:ce:15:ec:4d;1c:bf:ce:15:ec:4d
1654;motion;0;0
669;temp;27.0;27.0
1710;device;b8:27:eb:bf:9d:51;b8:27:eb:bf:9d:51
1836;temp;22.1;22.6
2780;motion;0;0
2875;humidity;76.6;?
170;lpg;0.0051;0.0051
1121;co;0.0026;0.0029
2848;device;b8:27:eb:bf:9d:51;?
357;motion;0;0
1271;humidity;76.3;?
2401;motion;0;0
761;light;1;1
1109;smoke;0.021;?
449;device;b8:27:eb:bf:9d:51;b8:27:eb:bf:9d:51
1878;device;b8:27:eb:bf:9d:51;b8:27:eb:bf:9d:51
1581;motion;0;0
1113;lpg;0.0068;0.0077
438;lpg;0.0077;0.0077
1407;humidity;76.3;?
363;humidity;77.9;?
2862;light;0;0
2980;light;0;0
874;motion;0;0
2358;smoke;0.02;?
987;co;0.005;0.005
2491;temp;22.6;22.7
1795;temp;19.6;6.8
646;light;0;?
2321;humidity;51.3;?
1998;light;0;?
1454;temp;19.8;?
2220;motion;0;0
1894;lpg;0.0068;0.0077
2688;light;0;?
71;device;b8:27:eb:bf:9d:51;b8:27:eb:bf:9d:51
1995;device;00:0f:00:70:91:0a;?
502;motion;0;0
1252;motion;0;0
1376;smoke;0.021;?
2545;lpg;0.0068;?
2602;co;0.005;?
1597;smoke;0.012;0.013999999999999999
1571;light;0;?
752;temp;27.0;27.0
2354;smoke;0.02;?
239;co;0.0028;0.0029
2027;co;0.0043;0.005
997;co;0.005;0.005
1230;light;0;?
2325;device;b8:27:eb:bf:9d:51;b8:27:eb:bf:9d:51
2540;temp;22.6;22.7
991;device;00:0f:00:70:91:0a;?
2944;motion;0;0
2732;motion;0;0
791;smoke;0.018000000000000002;0.02
434;humidity;74.5;?
1588;motion;0;0
1499;smoke;0.018000000000000002;0.02
1160;smoke;0.012;0.013999999999999999
608;motion;0;0
537;device;b8:27:eb:bf:9d:51;b8:27:eb:bf:9d:51
1769;smoke;0.02;?
1593;light;0;?
873;smoke;0.021;?
666;device;b8:27:eb:bf:9d:51;b8:27:eb:bf:9d:51
1956;temp;19.5;6.8
1955;lpg;0.0077;0.0077
152;co;0.005;0.005
580;humidity;75.1;?
1452;humidity;77.8;?
1301;lpg;0.0077;0.0077
2843;smoke;0.02;?
1494;lpg;0.0072;0.0077
2583;smoke;0.02;?
1378;device;1c:bf:ce:15:ec:4d;1c:bf:ce:15:ec:4d
1661;co;0.0026;?
957;humidity;76.1;?
1218;light;0;?
1312;device;00:0f:00:70:91:0a;?
2307;humidity;51.3;?
2277;co;0.0025;0.0029
2621;smoke;0.018000000000000002;?
2589;device;00:0f:00:70:91:0a;?
637;device;00:0f:00:70:91:0a;?
990;device;1c:bf:ce:15:ec:4d;1c:bf:ce:15:ec:4d
2363;co;0.0043;?
2489;temp;22.6;22.7
640;humidity;75.4;?
2046;co;0.0042;0.005
13;motion;0;0
2248;temp;22.5;22.7
2287;motion;0;0
928;co;0.0051;0.005
2631;humidity;51.2;?
2243;motion;0;0
162;co;0.0028;0.0029
1988;co;0.0043;0.005
2003;temp;22.2;22.7
1926;light;1;1
1858;temp;22.1;22.6
2467;co;0.005;?
875;co;0.0051;0.005
2323;smoke;0.018000000000000002;0.02
746;device;1c:bf:ce:15:ec:4d;1c:bf:ce:15:ec:4d
736;smoke;0.021;?
1946;motion;0;0
2583;motion;0;0
2130;smoke;0.02;?
1986;humidity;77.8;?
185;motion;0;0
1144;lpg;0.0068;?
2329;device;1c:bf:ce:15:ec:4d;?
210;co;0.005;0.005
1398;light;0;0
2097;co;0.0026;0.0029
1095;lpg;0.0077;0.0077
394;light;0;0
620;temp;19.5;6.8
374;light;0;0
2880;temp;26.7;?
1145;light;0;?
1444;motion;0;0
1963;co;0.0042;0.005
393;motion;0;0
202;humidity;75.5;?
647;temp;22.3;22.7
1922;device;b8:27:eb:bf:9d:51;b8:27:eb:bf:9d:51
2033;humidity;51.4;?
1998;device;00:0f:00:70:91:0a;?
2972;temp;26.7;?
2737;co;0.005;0.005
736;lpg;0.0077;0.0077
2980;motion;0;0
2102;lpg;0.0048;0.0051
1085;smoke;0.021;?
1158;motion;0;0
2336;humidity;51.3;?
2567;light;1;1
1393;co;0.005;0.005
2475;lpg;0.0077;?
2836;device;b8:27:eb:bf:9d:51;b8:27:eb:bf:9d:51
558;humidity;78.1;?
2863;light;1;?
2196;light;1;1
929;smoke;0.019;0.02
511;temp;22.0;22.7
2951;temp;22.7;22.7
313;smoke;0.018000000000000002;0.02
1707;lpg;0.0068;0.0077
2646;smoke;0.018000000000000002;?
508;lpg;0.0051;0.0051
2090;temp;26.8;27.0
2993;co;0.0042;?
2460;temp;19.7;6.8
225;lpg;0.0051;0.0051
2917;device;b8:27:eb:bf:9d:51;b8:27:eb:bf:9d:51
427;lpg;0.0077;0.0077
1583;light;0;?
2373;light;0;0
604;smoke;0.021;?
1929;light;0;0
1951;humidity;77.8;?
1211;smoke;0.021;?
2274;light;0;0
2389;humidity;76.1;?
1115;device;00:0f:00:70:91:0a;?
2353;light;1;1
2443;co;0.0025;?
1406;co;0.0042;0.005
2970;light;0;?
2551;light;0;?
841;motion;0;0
880;co;0.0027;0.0029
1757;co;0.005;0.005
2619;smoke;0.012;0.013999999999999999
2755;temp;22.6;22.7
2931;co;0.0049;?
1024;humidity;51.1;?
466;motion;0;0
1951;device;1c:bf:ce:15:ec:4d;1c:bf:ce:15:ec:4d
851;light;0;?
2214;device;1c:bf:ce:15:ec:4d;1c:bf:ce:15:ec:4d
82;light;0;?
1379;humidity;76.3;?
1006;device;b8:27:eb:bf:9d:51;b8:27:eb:bf:9d:51
2881;co;0.005;?
2666;co;0.005;?
2127;smoke;0.02;?
1268;light;0;0
2939;temp;19.9;6.8
374;smoke;0.021;?
2689;temp;26.7;?
2585;device;00:0f:00:70:91:0a;?
801;smoke;0.013000000000000001;0.013999999999999999
2725;humidity;76.4;?
2400;co;0.005;0.005
1121;motion;0;0
353;temp;19.6;6.8
745;co;0.005;0.005
1101;co;0.0043;0.005
787;motion;0;0
2984;lpg;0.0045;?
942;smoke;0.021;?
2919;smoke;0.018000000000000002;?
35;co;0.0049;0.005
1096;co;0.0043;0.005
1808;light;0;0
1242;device;b8:27:eb:bf:9d:51;b8:27:eb:bf:9d:51
458;temp;22.1;22.7
1782;humidity;49.1;?
1647;smoke;0.018000000000000002;0.02
321;device;b8:27:eb:bf:9d:51;b8:27:eb:bf:9d:51
1172;lpg;0.0077;0.0077
174;smoke;0.02;?
2186;co;0.005;0.005
2941;co;0.0049;?
2427;lpg;0.0068;?
813;light;0;?
298;motion;0;0
538;light;1;1
726;light;1;1
1973;light;0;?
713;smoke;0.018000000000000002;0.02
393;light;1;1
649;lpg;0.0051;?
2756;motion;0;0
574;lpg;0.0077;0.0077
135;co;0.0028;0.0029
486;co;0.005;0.005
491;temp;19.5;6.8
546;motion;0;0
457;smoke;0.013000000000000001;0.013999999999999999
2347;co;0.005;0.005
212;motion;0;0
1669;humidity;77.6;?
1334;co;0.005;0.005
1867;device;b8:27:eb:bf:9d:51;b8:27:eb:bf:9d:51
71;motion;0;0
648;temp;27.0;27.0
839;co;0.0043;0.005
698;lpg;0.0078;0.0077
2540;smoke;0.021;?
2961;lpg;0.0076;?
688;device;00:0f:00:70:91:0a;?
2772;smoke;0.018000000000000002;?
183;humidity;76.0;?
562;smoke;0.019;0.02
2199;light;1;?
2070;device;00:0f:00:70:91:0a;00:0f:00:70:91:0a
681;device;b8:27:eb:bf:9d:51;b8:27:eb:bf:9d:51
312;humidity;74.9;?
2243;smoke;0.019;0.02
1842;light;0;?
1359;temp;19.7;6.8
1552;co;0.005;0.005
25;device;b8:27:eb:bf:9d:51;b8:27:eb:bf:9d:51
661;light;0;?
1432;smoke;0.021;?
792;light;0;0
1082;lpg;0.006999999999999999;0.0077
2409;device;b8:27:eb:bf:9d:51;b8:27:eb:bf:9d:51
1924;co;0.005;0.005
2672;lpg;0.0069;?
2449;temp;22.6;22.7
2246;temp;22.5;22.7
1796;lpg;0.0068;0.0077
2891;humidity;51.3;?
1659;smoke;0.021;?
179;temp;27.0;27.0
430;lpg;0.0051;0.0051
1737;smoke;0.021;0.02
827;smoke;0.013000000000000001;0.013999999999999999
562;co;0.0044;0.005
751;lpg;0.0051;?
1183;light;0;0
1065;co;0.005;0.005
2556;motion;0;0
2684;device;b8:27:eb:bf:9d:51;b8:27:eb:bf:9d:51
448;lpg;0.0051;0.0051
1227;light;1;1
673;co;0.0043;0.005
233;temp;22.6;22.7
1097;humidity;76.2;?
1058;light;0;?
1401;light;1;1
921;lpg;0.0078;0.0077
2831;device;b8:27:eb:bf:9d:51;b8:27:eb:bf:9d:51
2386;motion;0;0
1667;smoke;0.012;0.013999999999999999
239;humidity;75.2;?
606;device;b8:27:eb:bf:9d:51;b8:27:eb:bf:9d:51
2761;temp;19.8;6.8
1126;temp;22.6;22.7
807;humidity;75.8;?
2487;humidity;74.3;?
2889;lpg;0.0068;0.0077
2295;motion;0;0
481;humidity;48.9;?
1733;humidity;49.4;?
2381;light;1;?
417;device;b8:27:eb:bf:9d:51;b8:27:eb:bf:9d:51
605;humidity;78.1;?
2443;motion;0;0
1053;lpg;0.0048;0.0051
2173;device;00:0f:00:70:91:0a;?
2425;smoke;0.012;?
2016;lpg;0.0077;0.0077
720;light;1;1
2874;light;0;?
2518;co;0.0025;0.0029
1590;device;b8:27:eb:bf:9d:51;b8:27:eb:bf:9d:51
1641;light;0;?
2306;co;0.0026;0.0029
164;smoke;0.02;?
2929;light;1;1
1000;smoke;0.018000000000000002;0.02
764;light;0;?
1173;lpg;0.0078;0.0077
672;smoke;0.013000000000000001;0.013999999999999999
340;light;0;0
2920;lpg;0.0045;?
1966;smoke;0.018000000000000002;0.02
2049;smoke;0.012;0.013999999999999999
2936;smoke;0.018000000000000002;?
1308;humidity;76.2;?
478;temp;19.5;6.8
675;motion;0;0
875;motion;0;0
2545;humidity;76.3;?
907;device;b8:27:eb:bf:9d:51;b8:27:eb:bf:9d:51
1108;co;0.0043;0.005
2084;co;0.005;0.005
2391;motion;0;0
1229;motion;0;0
2076;smoke;0.012;0.013999999999999999
2122;lpg;0.0077;0.0077
56;co;0.0044;0.005
1261;temp;22.6;22.7
1381;humidity;51.1;?
2107;motion;0;0
2844;lpg;0.0046;?
1161;humidity;77.7;?
2405;temp;22.6;22.7
1329;smoke;0.012;0.013999999999999999
305;device;b8:27:eb:bf:9d:51;b8:27:eb:bf:9d:51
892;motion;0;0
352;light;0;?
2844;smoke;0.012;?
2453;lpg;0.0077;0.0077
660;temp;19.5;6.8
1506;lpg;0.0048;?
257;motion;0;0
2014;temp;22.2;22.7
965;smoke;0.021;?
479;motion;0;0
1620;co;0.0043;0.005
2242;device;00:0f:00:70:91:0a;?
835;motion;0;0
2130;humidity;51.2;?
1462;co;0.0043;0.005
1573;temp;26.9;27.0
793;light;0;?
1997;lpg;0.006999999999999999;?
365;motion;0;0
1015;device;b8:27:eb:bf:9d:51;b8:27:eb:bf:9d:51
34;light;0;0
1238;smoke;0.021;?
63;co;0.0028;0.0029
1054;co;0.0051;0.005
2856;motion;0;0
2040;smoke;0.018000000000000002;0.02
2614;humidity;51.2;?
837;light;0;?
1386;smoke;0.021;?
530;device;00:0f:00:70:91:0a;00:0f:00:70:91:0a
1195;temp;22.7;22.7
2666;device;b8:27:eb:bf:9d:51;b8:27:eb:bf:9d:51
2481;humidity;73.9;?
726;co;0.0044;0.005
1238;device;b8:27:eb:bf:9d:51;b8:27:eb:bf:9d:51
1052;light;0;?
1444;smoke;0.018000000000000002;0.02
2978;light;0;0
1469;motion;0;0
2782;device;b8:27:eb:bf:9d:51;b8:27:eb:bf:9d:51
2723;temp;19.8;6.8
944;co;0.0026;0.0029
2147;device;00:0f:00:70:91:0a;?
1902;lpg;0.0048;0.0051
461;temp;27.0;27.0
1435;temp;19.7;6.8
2608;humidity;51.3;?
1537;humidity;77.6;?
1473;smoke;0.012;0.013999999999999999
1850;light;0;?
2604;temp;22.6;22.6
1349;co;0.005;0.005
127;smoke;0.013000000000000001;0.013999999999999999
2803;motion;0;0
1504;smoke;0.021;?
1649;smoke;0.012;0.013999999999999999
2883;temp;26.7;?
1451;co;0.005;0.005
1253;smoke;0.021;?
2512;light;0;?
2925;light;0;?
933;device;1c:bf:ce:15:ec:4d;1c:bf:ce:15:ec:4d
1367;lpg;0.0077;0.0077
1813;motion;0;0
48;motion;0;0
1608;device;1c:bf:ce:15:ec:4d;1c:bf:ce:15:ec:4d
489;humidity;49.0;?
2081;device;b8:27:eb:bf:9d:51;b8:27:eb:bf:9d:51
1472;temp;26.9;27.0
837;device;b8:27:eb:bf:9d:51;b8:27:eb:bf:9d:51
803;device;1c:bf:ce:15:ec:4d;1c:bf:ce:15:ec:4d
2803;lpg;0.0067;0.0077
1730;motion;0;0
1556;device;00:0f:00:70:91:0a;?
2087;co;0.005;0.005
1819;motion;0;0
757;temp;22.4;22.7
432;lpg;0.0051;0.0051
388;lpg;0.0051;0.0051
2868;lpg;0.0076;0.0077
2981;co;0.0024;?
1132;temp;19.7;6.8
511;humidity;49.7;?
2766;co;0.005;?
764;device;b8:27:eb:bf:9d:51;?
1996;lpg;0.0077;0.0077
209;co;0.0044;0.005
957;co;0.0026;0.0029
1911;co;0.0042;0.005
2048;motion;0;0
875;temp;22.5;22.7
1381;co;0.005;0.005
944;smoke;0.012;0.013999999999999999
1783;temp;19.6;6.8
114;co;0.0028;0.0029
2277;humidity;75.8;?
1335;temp;22.6;22.7
1802;motion;0;0
2314;co;0.005;0.005
2730;smoke;0.018000000000000002;?
1692;device;1c:bf:ce:15:ec:4d;1c:bf:ce:15:ec:4d
1731;device;b8:27:eb:bf:9d:51;b8:27:eb:bf:9d:51
2377;device;1c:bf:ce:15:ec:4d;?
1041;temp;26.9;27.0
2603;temp;19.8;6.8
1234;temp;26.9;?
334;co;0.0028;0.0029
304;smoke;0.018000000000000002;0.02
2315;co;0.0025;0.0029
42;motion;0;0
1983;co;0.0026;0.0029
274;light;1;1
458;motion;0;0
1862;temp;26.8;27.0
294;lpg;0.0077;0.0077
1535;temp;22.7;22.7
456;smoke;0.021;?
731;lpg;0.006999999999999999;0.0077
1148;light;0;?
2838;lpg;0.0045;0.0051
1890;smoke;0.021;?
2677;smoke;0.02;?
627;temp;22.2;22.6
2240;lpg;0.0069;0.0077
1932;temp;22.0;22.7
2664;device;1c:bf:ce:15:ec:4d;1c:bf:ce:15:ec:4d
449;light;0;?
1400;device;b8:27:eb:bf:9d:51;b8:27:eb:bf:9d:51
1828;humidity;74.5;?
1320;humidity;51.1;?
2207;temp;22.4;22.7
1648;co;0.005;0.005
2060;lpg;0.0068;0.0077
979;lpg;0.0077;0.0077
1854;light;1;1
1989;motion;0;0
1279;motion;0;0
1864;temp;22.1;22.7
1407;temp;19.7;6.8
1745;humidity;74.8;?
1051;co;0.0045;0.005
1810;temp;22.2;?
2062;light;0;?
143;motion;0;0
7;temp;22.6;22.7
2888;lpg;0.0076;?
2240;motion;0;0
852;motion;0;0
1156;motion;0;0
1564;co;0.0026;0.0029
2181;humidity;51.3;?
2505;motion;0;0
2763;smoke;0.018000000000000002;?
89;humidity;50.9;?
2230;temp;26.8;27.0
949;temp;19.7;6.8
1512;device;1c:bf:ce:15:ec:4d;1c:bf:ce:15:ec:4d
1489;motion;0;0
2623;motion;0;0
433;light;0;?
661;lpg;0.0077;0.0077
4;co;0.0044;0.005
1341;motion;0;0
1088;lpg;0.0078;0.0077
485;smoke;0.013000000000000001;0.013999999999999999
2390;temp;22.5;22.7
1884;temp;19.5;6.8
1234;lpg;0.0067;0.0077
1788;smoke;0.012;0.013999999999999999
751;co;0.0028;0.0029
1294;motion;0;0
2718;lpg;0.0045;0.0051
2133;temp;26.8;27.0
2066;lpg;0.0068;0.0077
804;device;00:0f:00:70:91:0a;?
230;lpg;0.0077;0.0077
998;temp;19.7;6.8
1063;light;0;?
277;light;0;0
2755;light;0;0
2713;co;0.005;?
1821;lpg;0.0077;0.0077
1780;smoke;0.012;0.013999999999999999
567;co;0.005;0.005
687;co;0.0044;0.005
2041;motion;0;0
800;humidity;77.8;?
684;lpg;0.0078;0.0077
2954;light;0;?
2463;co;0.005;0.005
375;co;0.005;0.005
1125;device;1c:bf:ce:15:ec:4d;1c:bf:ce:15:ec:4d
2190;humidity;51.3;?
1281;lpg;0.0078;0.0077
31;motion;0;0
164;light;0;0
257;co;0.0044;0.005
867;humidity;78.3;?
2889;motion;0;0
2361;co;0.005;?
2463;smoke;0.02;?
226;humidity;51.1;?
216;device;b8:27:eb:bf:9d:51;b8:27:eb:bf:9d:51
1135;temp;19.7;6.8
2444;temp;22.6;22.7
1325;co;0.005;0.005
205;co;0.005;0.005
2185;device;1c:bf:ce:15:ec:4d;1c:bf:ce:15:ec:4d
1681;co;0.005;0.005
31;humidity;75.9;?
2398;lpg;0.0077;?
406;light;0;0
2550;device;00:0f:00:70:91:0a;?
1673;smoke;0.018000000000000002;0.02
2807;light;0;?
2253;lpg;0.0077;0.0077
2664;motion;0;0
1000;humidity;77.7;?
1343;device;1c:bf:ce:15:ec:4d;1c:bf:ce:15:ec:4d
703;lpg;0.006999999999999999;0.0077
2230;humidity;77.6;?
1635;smoke;0.012;0.013999999999999999
1938;humidity;75.1;?
1709;smoke;0.012;0.013999999999999999
849;smoke;0.021;?
1825;humidity;74.7;?
1686;device;b8:27:eb:bf:9d:51;b8:27:eb:bf:9d:51
1144;device;1c:bf:ce:15:ec:4d;?
852;humidity;78.0;?
1721;smoke;0.012;0.013999999999999999
728;co;0.0051;0.005
1870;lpg;0.0077;0.0077
2418;lpg;0.0068;?
988;smoke;0.013000000000000001;0.013999999999999999
934;motion;0;0
626;motion;0;0
317;co;0.0028;0.0029
1527;light;1;1
943;smoke;0.021;?
2261;light;1;1
2345;smoke;0.02;?
886;light;0;?
648;smoke;0.018000000000000002;0.02
538;humidity;78.0;?
2141;co;0.0025;?
2840;smoke;0.012;?
888;co;0.0027;0.0029
2409;co;0.005;0.005
2174;co;0.0042;0.005
621;light;0;?
2584;temp;26.8;?
1297;smoke;0.012;0.013999999999999999
321;lpg;0.0077;0.0077
2875;co;0.0024;0.0029
687;smoke;0.019;0.02
2775;smoke;0.02;?
388;device;00:0f:00:70:91:0a;?
1296;humidity;51.1;?
2657;light;1;?
794;humidity;51.2;?
1651;light;0;0
1712;smoke;0.018000000000000002;0.02
2911;device;b8:27:eb:bf:9d:51;b8:27:eb:bf:9d:51
281;lpg;0.006999999999999999;0.0077
391;light;0;0
2630;motion;0;0
2355;humidity;77.6;?
1730;humidity;75.2;?
1249;motion;0;0
207;lpg;0.0077;0.0077
727;motion;0;0
1518;temp;26.9;27.0
289;light;0;?
1272;co;0.0051;0.005
2090;smoke;0.018000000000000002;0.02
2400;humidity;51.3;?
340;lpg;0.0051;0.0051
1031;temp;22.6;22.7
235;temp;22.7;22.7
620;device;00:0f:00:70:91:0a;?
2154;light;0;0
969;humidity;77.8;?
763;lpg;0.0078;0.0077
1602;light;0;?
1381;device;b8:27:eb:bf:9d:51;b8:27:eb:bf:9d:51
1889;temp;22.0;22.7
1361;smoke;0.013000000000000001;0.013999999999999999
66;smoke;0.013000000000000001;0.013999999999999999
2556;humidity;75.7;?
2354;device;b8:27:eb:bf:9d:51;b8:27:eb:bf:9d:51
119;humidity;51.0;?
652;humidity;75.4;?
1987;light;0;?
395;device;1c:bf:ce:15:ec:4d;1c:bf:ce:15:ec:4d
438;device;b8:27:eb:bf:9d:51;?
817;humidity;75.8;?
104;humidity;51.0;?
2986;lpg;0.0067;?
2860;co;0.0024;?
2365;humidity;75.9;?
1480;lpg;0.0078;0.0077
2159;motion;0;0
572;humidity;50.6;?
2704;temp;22.6;22.7
1767;motion;0;0
1329;light;0;?
1128;humidity;51.1;?
2853;lpg;0.0076;0.0077
1180;smoke;0.021;?
1414;co;0.0026;0.0029
322;motion;0;0
1906;device;b8:27:eb:bf:9d:51;b8:27:eb:bf:9d:51
2653;humidity;76.9;?
1720;device;b8:27:eb:bf:9d:51;b8:27:eb:bf:9d:51
2894;smoke;0.012;0.013999999999999999
2359;lpg;0.0068;?
1175;temp;22.6;22.7
1927;device;b8:27:eb:bf:9d:51;b8:27:eb:bf:9d:51
1079;co;0.005;0.005
776;motion;0;0
612;humidity;50.5;?
2335;motion;0;0
761;temp;27.0;27.0
1228;humidity;51.1;?
123;device;1c:bf:ce:15:ec:4d;1c:bf:ce:15:ec:4d
717;motion;0;0
1072;smoke;0.021;?
172;device;1c:bf:ce:15:ec:4d;1c:bf:ce:15:ec:4d
2243;humidity;77.6;?
1305;smoke;0.018000000000000002;0.02
1991;humidity;50.6;?
1273;device;1c:bf:ce:15:ec:4d;1c:bf:ce:15:ec:4d
502;lpg;0.0077;0.0077
1007;lpg;0.0069;0.0077
2866;temp;22.6;22.6
2136;co;0.0042;0.005
1211;device;b8:27:eb:bf:9d:51;b8:27:eb:bf:9d:51
1043;motion;0;0
1410;co;0.0042;0.005
226;co;0.005;0.005
211;lpg;0.0051;0.0051
1826;co;0.0042;0.005
531;humidity;77.9;?
73;motion;0;0
805;lpg;0.0078;0.0077
1412;light;0;0
1785;light;0;?
475;lpg;0.0052;0.0051
178;lpg;0.0077;0.0077
1726;light;0;?
2803;device;1c:bf:ce:15:ec:4d;1c:bf:ce:15:ec:4d
2581;light;0;0
2092;lpg;0.0077;0.0077
1793;device;1c:bf:ce:15:ec:4d;1c:bf:ce:15:ec:4d
748;motion;0;0
892;smoke;0.013000000000000001;0.013999999999999999
40;humidity;78.2;?
2212;humidity;51.3;?
810;temp;22.5;22.7
1841;temp;26.8;27.0
2327;device;1c:bf:ce:15:ec:4d;1c:bf:ce:15:ec:4d
2796;smoke;0.018000000000000002;?
2308;motion;0;0
2848;co;0.005;?
930;light;0;?
1322;humidity;51.0;?
882;co;0.0051;0.005
1531;co;0.0045;0.005
1820;humidity;49.0;?
180;smoke;0.013000000000000001;0.013999999999999999
2021;device;1c:bf:ce:15:ec:4d;1c:bf:ce:15:ec:4d
1190;humidity;78.0;?
1555;co;0.005;0.005
1484;light;1;1
1589;smoke;0.018000000000000002;0.02
1274;light;0;?
1737;device;b8:27:eb:bf:9d:51;?
426;smoke;0.021;?
2675;humidity;76.5;?
2392;light;0;?
2067;co;0.005;0.005
2926;humidity;51.2;?
1507;co;0.005;0.005
1274;temp;22.6;22.7
1287;co;0.005;0.005
1374;humidity;76.3;?
1634;temp;22.7;22.7
78;motion;0;0
1606;temp;22.7;22.7
1925;lpg;0.0077;0.0077
2332;co;0.005;0.005
362;lpg;0.0077;0.0077
2768;temp;22.6;22.7
823;light;0;?
1485;motion;0;0
651;device;b8:27:eb:bf:9d:51;b8:27:eb:bf:9d:51
986;co;0.0043;0.005
1156;co;0.0026;0.0029
748;device;b8:27:eb:bf:9d:51;b8:27:eb:bf:9d:51
853;motion;0;0
2261;lpg;0.0068;0.0077
2342;device;b8:27:eb:bf:9d:51;b8:27:eb:bf:9d:51
1134;humidity;51.1;?
880;humidity;75.8;?
876;motion;0;0
1478;humidity;51.2;?
718;device;00:0f:00:70:91:0a;?
1446;co;0.005;0.005
2602;lpg;0.0077;?
1772;smoke;0.018000000000000002;0.02
1719;light;1;1
2243;temp;26.8;27.0
915;co;0.0051;0.005
2505;light;0;?
876;temp;19.6;6.8
1439;temp;22.7;22.7
54;humidity;76.2;?
1502;device;b8:27:eb:bf:9d:51;b8:27:eb:bf:9d:51
1003;motion;0;0
1541;smoke;0.018000000000000002;0.02
1033;temp;22.6;22.7
2710;motion;0;0
1790;humidity;77.7;?
1885;lpg;0.0069;0.0077
2101;temp;22.4;22.7
2940;light;1;?
1402;motion;0;0
1013;humidity;77.9;?
2188;co;0.0043;0.005
1782;lpg;0.0077;0.0077
553;smoke;0.021;?
648;co;0.0043;0.005
1775;device;b8:27:eb:bf:9d:51;b8:27:eb:bf:9d:51
2276;lpg;0.0077;0.0077
1767;device;b8:27:eb:bf:9d:51;b8:27:eb:bf:9d:51
2307;lpg;0.0077;0.0077
2422;light;0;0
849;temp;22.5;22.7
373;device;1c:bf:ce:15:ec:4d;1c:bf:ce:15:ec:4d
148;temp;27.0;27.0
2157;lpg;0.0077;0.0077
2980;co;0.0049;0.005
493;humidity;78.2;?
8;temp;19.7;6.8
1830;motion;0;0
678;temp;19.6;6.8
1460;smoke;0.012;0.013999999999999999
1366;temp;19.8;6.8
150;smoke;0.021;?
2453;light;0;?
278;temp;27.0;27.0
66;motion;0;0
1269;temp;19.7;?
154;device;b8:27:eb:bf:9d:51;b8:27:eb:bf:9d:51
2650;light;1;1
1225;light;0;?
921;light;0;?
1327;co;0.005;0.005
1391;temp;22.6;22.7
2626;device;00:0f:00:70:91:0a;?
2202;device;00:0f:00:70:91:0a;?
1505;motion;0;0
996;lpg;0.0069;0.0077
1243;smoke;0.012;0.013999999999999999
971;humidity;51.1;?
405;device;1c:bf:ce:15:ec:4d;1c:bf:ce:15:ec:4d
2534;humidity;51.3;?
2544;humidity;51.3;?
2747;temp;22.7;22.7
2204;device;b8:27:eb:bf:9d:51;b8:27:eb:bf:9d:51
2965;motion;0;0
1143;lpg;0.0078;0.0077
744;humidity;74.3;?
1840;humidity;48.9;?
886;device;b8:27:eb:bf:9d:51;?
1502;co;0.0051;?
348;lpg;0.0069;0.0077
1929;lpg;0.0077;0.0077
2919;device;1c:bf:ce:15:ec:4d;?
1730;lpg;0.0047;0.0051
2581;device;b8:27:eb:bf:9d:51;b8:27:eb:bf:9d:51
2915;light;0;?
2050;temp;26.8;27.0
1562;device;1c:bf:ce:15:ec:4d;1c:bf:ce:15:ec:4d
2773;temp;22.6;22.7
442;co;0.0043;0.005
848;motion;0;0
376;lpg;0.0069;0.0077
2916;motion;0;0
1695;motion;0;0
113;co;0.005;0.005
1484;temp;26.9;27.0
388;co;0.0028;0.0029
377;temp;19.6;?
1513;temp;22.7;22.7
1064;device;1c:bf:ce:15:ec:4d;1c:bf:ce:15:ec:4d
231;humidity;75.2;?
240;lpg;0.006999999999999999;0.0077
72;light;0;0
1943;motion;0;0
9;co;0.0043;0.005
2439;co;0.005;?
2810;humidity;76.7;?
2638;co;0.0041;?
570;device;b8:27:eb:bf:9d:51;b8:27:eb:bf:9d:51
1266;smoke;0.012;0.013999999999999999
925;motion;0;0
867;smoke;0.02;0.02
2488;device;b8:27:eb:bf:9d:51;b8:27:eb:bf:9d:51
2141;smoke;0.012;?
675;light;1;1
727;light;0;0
2212;smoke;0.021;?
545;light;1;?
87;humidity;76.1;?
110;lpg;0.0077;0.0077
2454;light;0;0
2660;lpg;0.0068;0.0077
110;co;0.005;0.005
1295;lpg;0.0068;0.0077
963;device;b8:27:eb:bf:9d:51;b8:27:eb:bf:9d:51
2300;temp;26.8;27.0
436;lpg;0.0069;0.0077
1642;motion;0;0
1676;smoke;0.021;?
2235;lpg;0.0077;0.0077
1382;co;0.0026;0.0029
1252;light;1;1
2970;humidity;51.4;?
1240;humidity;76.2;?
1756;smoke;0.012;0.013999999999999999
131;smoke;0.013000000000000001;0.013999999999999999
602;humidity;50.2;?
1868;co;0.0026;0.0029
1738;device;00:0f:00:70:91:0a;?
2562;humidity;51.3;?
1128;device;b8:27:eb:bf:9d:51;b8:27:eb:bf:9d:51
1768;light;0;?
1426;light;1;1
2228;humidity;51.3;?
2469;motion;0;0
2977;device;1c:bf:ce:15:ec:4d;?
331;co;0.0028;0.0029
1152;co;0.005;0.005
2781;temp;19.9;6.8
1401;lpg;0.0068;0.0077
23;light;0;?
2510;light;0;0
1076;smoke;0.021;?
555;co;0.005;0.005
737;lpg;0.0051;0.0051
307;humidity;49.5;?
1444;device;1c:bf:ce:15:ec:4d;1c:bf:ce:15:ec:4d
960;co;0.0027;?
2986;smoke;0.018000000000000002;?
1693;co;0.005;0.005
2250;temp;26.8;27.0
662;light;0;0
2048;co;0.005;0.005
1408;humidity;51.1;?
2669;device;b8:27:eb:bf:9d:51;b8:27:eb:bf:9d:51
1223;light;0;?
169;motion;0;0
1407;motion;0;0
2839;lpg;0.0076;?
1285;device;1c:bf:ce:15:ec:4d;1c:bf:ce:15:ec:4d
208;temp;19.8;6.8
2228;light;0;?
931;lpg;0.0049;0.0051
1359;motion;0;0
2417;smoke;0.02;?
2256;co;0.0042;0.005
470;humidity;48.7;?
2311;device;b8:27:eb:bf:9d:51;b8:27:eb:bf:9d:51
968;motion;0;0
1036;device;00:0f:00:70:91:0a;?
2513;temp;22.6;22.7
1457;smoke;0.021;?
1162;co;0.005;0.005
1686;motion;0;0
1852;smoke;0.012;0.013999999999999999
917;motion;0;0
160;light;0;?
2493;device;00:0f:00:70:91:0a;?
2664;co;0.0042;0.005
3;lpg;0.0077;0.0077
2312;motion;0;0
2062;motion;0;0
2585;humidity;76.4;?
1784;co;0.0042;0.005
2429;lpg;0.0047;?
2699;smoke;0.019;?
1325;temp;22.6;22.7
2331;smoke;0.012;?
777;humidity;75.8;?
2996;co;0.0049;?
2750;light;0;0
2917;smoke;0.02;?
1970;device;00:0f:00:70:91:0a;?
159;device;00:0f:00:70:91:0a;00:0f:00:70:91:0a
1349;device;b8:27:eb:bf:9d:51;b8:27:eb:bf:9d:51
747;co;0.0027;0.0029
2980;smoke;0.02;?
1913;humidity;49.8;?
394;motion;0;0
2309;humidity;51.3;?
1288;lpg;0.0069;0.0077
833;motion;0;0
253;humidity;51.1;?
828;lpg;0.0077;0.0077
2365;co;0.0025;0.0029
2628;co;0.0024;?
564;device;1c:bf:ce:15:ec:4d;1c:bf:ce:15:ec:4d
808;temp;22.5;22.7
1530;smoke;0.02;?
271;co;0.0044;0.005
266;humidity;51.0;?
1218;co;0.005;0.005
2148;lpg;0.0077;0.0077
1856;lpg;0.0048;0.0051
1755;humidity;49.4;?
314;motion;0;0
1634;motion;0;0
840;lpg;0.0078;0.0077
1536;smoke;0.021;?
1744;humidity;49.5;?
1553;humidity;76.3;?
2824;light;0;?
1193;humidity;51.1;?
280;smoke;0.021;?
1640;humidity;77.6;?
2665;light;0;0
1498;light;0;?
1553;motion;0;0
1148;motion;0;0
2822;humidity;51.3;?
529;motion;0;0
656;light;1;1
571;temp;27.0;27.0
2946;light;0;?
2930;device;b8:27:eb:bf:9d:51;b8:27:eb:bf:9d:51
1619;light;0;0
1527;temp;26.9;27.0
1947;co;0.0042;0.005
1075;light;0;0
721;motion;0;0
2917;lpg;0.0076;?
2049;light;0;?
1746;temp;26.9;27.0
1788;light;0;?
2561;light;1;?
764;motion;0;0
1901;co;0.005;0.005
2181;co;0.005;0.005
56;light;1;1
2244;humidity;51.3;?
186;motion;0;0
1584;light;0;?
2106;light;0;?
316;co;0.005;0.005
2438;lpg;0.0076;?
274;lpg;0.0069;0.0077
1738;motion;0;0
1644;light;1;1
86;lpg;0.0077;0.0077
191;lpg;0.0051;0.0051
65;device;b8:27:eb:bf:9d:51;b8:27:eb:bf:9d:51
1106;lpg;0.0049;0.0051
2847;light;0;0
2114;device;00:0f:00:70:91:0a;?
1810;light;0;?
1526;smoke;0.012;0.013999999999999999
1195;device;b8:27:eb:bf:9d:51;b8:27:eb:bf:9d:51
373;smoke;0.018000000000000002;0.02
382;co;0.005;0.005
2625;temp;26.7;?
2792;light;0;?
258;smoke;0.021;?
1646;motion;0;0
2308;light;1;1
1418;motion;0;0
995;co;0.0026;0.0029
824;co;0.0027;0.0029
51;smoke;0.013000000000000001;0.013999999999999999
2751;light;0;?
2557;smoke;0.012;?
2410;smoke;0.012;0.013999999999999999
1097;temp;19.7;6.8
980;device;00:0f:00:70:91:0a;?
282;lpg;0.0077;0.0077
2254;smoke;0.012;0.013999999999999999
880;lpg;0.0049;0.0051
44;device;b8:27:eb:bf:9d:51;b8:27:eb:bf:9d:51
131;device;00:0f:00:70:91:0a;00:0f:00:70:91:0a
2423;motion;0;0
14;temp;27.0;27.0
2282;smoke;0.021;?
2200;temp;22.5;22.7
431;device;b8:27:eb:bf:9d:51;b8:27:eb:bf:9d:51
55;humidity;50.9;?
1600;humidity;75.8;?
2593;lpg;0.006999999999999999;?
2464;temp;19.7;6.8
109;humidity;78.0;?
2199;device;1c:bf:ce:15:ec:4d;?
2128;temp;22.4;22.7
1330;humidity;51.0;?
1255;humidity;76.1;?
2674;temp;22.6;22.7
2336;temp;22.5;22.7
2464;smoke;0.012;0.013999999999999999
711;motion;0;0
2456;lpg;0.0077;?
248;humidity;51.1;?
2029;smoke;0.02;?
1022;lpg;0.0078;0.0077
2720;humidity;51.3;?
2008;lpg;0.0077;0.0077
1330;device;b8:27:eb:bf:9d:51;?
106;co;0.0028;0.0029
2373;smoke;0.021;?
454;humidity;74.8;?
2535;light;1;?
2252;device;1c:bf:ce:15:ec:4d;1c:bf:ce:15:ec:4d
1565;co;0.0043;0.005
1771;smoke;0.021;?
2033;light;0;?
682;light;0;0
233;humidity;51.1;?
2680;motion;0;0
2226;smoke;0.018000000000000002;0.02
2165;humidity;51.1;?
1110;temp;27.0;27.0
310;light;0;?
469;humidity;74.5;?
924;lpg;0.0078;0.0077
1048;co;0.0044;0.005
441;co;0.005;0.005
679;lpg;0.006999999999999999;?
1860;co;0.0026;0.0029
970;humidity;76.2;?
2997;lpg;0.0068;?
2037;light;1;1
144;light;0;0
1056;smoke;0.021;?
1035;lpg;0.0078;0.0077
34;humidity;76.0;?
906;humidity;51.1;?
315;device;00:0f:00:70:91:0a;00:0f:00:70:91:0a
1951;temp;26.8;27.0
10;humidity;50.9;?
69;smoke;0.019;0.02
971;co;0.0051;0.005
611;humidity;77.9;?
658;co;0.005;0.005
105;temp;27.0;27.0
2437;temp;19.7;6.8
1050;light;0;?
2309;co;0.005;0.005
2821;temp;26.7;?
964;device;00:0f:00:70:91:0a;?
55;device;b8:27:eb:bf:9d:51;b8:27:eb:bf:9d:51
2204;humidity;51.2;?
2521;lpg;0.0077;?
1809;lpg;0.0048;?
2388;co;0.005;?
639;lpg;0.006999999999999999;0.0077
6;co;0.0044;0.005
401;smoke;0.02;?
539;light;0;?
2044;lpg;0.0048;0.0051
531;device;1c:bf:ce:15:ec:4d;1c:bf:ce:15:ec:4d
1408;smoke;0.021;?
2407;temp;26.8;?
2726;device;b8:27:eb:bf:9d:51;b8:27:eb:bf:9d:51
2773;humidity;51.2;?
2641;temp;26.7;?
898;lpg;0.0049;?
1999;humidity;50.7;?
2469;humidity;77.6;?
330;lpg;0.0077;0.0077
1357;motion;0;0
870;light;1;1
757;device;b8:27:eb:bf:9d:51;b8:27:eb:bf:9d:51
594;temp;22.2;22.7
2477;smoke;0.02;?
1107;device;b8:27:eb:bf:9d:51;b8:27:eb:bf:9d:51
2600;co;0.005;0.005
2374;device;1c:bf:ce:15:ec:4d;?
1645;smoke;0.012;0.013999999999999999
1110;humidity;77.9;?
2889;humidity;77.1;?
1061;motion;0;0
60;temp;27.0;27.0
778;motion;0;0
2366;lpg;0.0068;?
1297;temp;19.8;6.8
1444;temp;26.9;27.0
2421;light;1;1
1455;temp;22.7;22.7
1577;co;0.005;0.005
2287;light;0;0
199;co;0.005;0.005
2655;light;0;?
2352;light;0;?
1591;device;1c:bf:ce:15:ec:4d;1c:bf:ce:15:ec:4d
1259;smoke;0.021;?
2497;device;00:0f:00:70:91:0a;?
466;co;0.005;0.005
1269;device;00:0f:00:70:91:0a;?
217;humidity;75.8;?
2570;co;0.005;?
2614;temp;22.6;22.7
726;device;1c:bf:ce:15:ec:4d;1c:bf:ce:15:ec:4d
2863;co;0.0041;?
1603;temp;19.8;6.8
2785;device;00:0f:00:70:91:0a;?
112;lpg;0.006999999999999999;0.0077
2363;smoke;0.018000000000000002;?
1374;light;0;?
1570;temp;26.9;27.0
2846;device;b8:27:eb:bf:9d:51;b8:27:eb:bf:9d:51
906;lpg;0.0078;0.0077
1811;co;0.0042;0.005
1197;humidity;76.2;?
2401;temp;19.7;6.8
321;humidity;49.5;?
241;device;b8:27:eb:bf:9d:51;b8:27:eb:bf:9d:51
246;device;b8:27:eb:bf:9d:51;b8:27:eb:bf:9d:51
872;lpg;0.0049;0.0051
918;humidity;51.1;?
679;co;0.0044;?
31;temp;19.7;19.7
497;motion;0;0
2168;light;1;1
436;device;1c:bf:ce:15:ec:4d;1c:bf:ce:15:ec:4d
1119;temp;27.0;27.0
355;temp;22.3;?
2995;light;0;?
1488;light;0;?
950;humidity;51.1;?
1454;lpg;0.0048;?
451;light;0;0
339;co;0.005;0.005
1941;temp;26.8;27.0
89;smoke;0.02;0.02
2490;lpg;0.0068;?
842;co;0.005;0.005
1604;lpg;0.0077;0.0077
870;humidity;78.2;?
218;device;b8:27:eb:bf:9d:51;b8:27:eb:bf:9d:51
537;light;0;?
594;smoke;0.021;?
2039;smoke;0.012;0.013999999999999999
202;lpg;0.0051;0.0051
1871;temp;22.1;22.6
749;co;0.0043;0.005
2681;humidity;77.4;?
661;motion;0;0
1538;motion;0;0
464;lpg;0.0051;0.0051
141;device;1c:bf:ce:15:ec:4d;1c:bf:ce:15:ec:4d
2933;co;0.005;?
2630;device;00:0f:00:70:91:0a;00:0f:00:70:91:0a
1822;light;0;?
2201;device;1c:bf:ce:15:ec:4d;1c:bf:ce:15:ec:4d
2868;smoke;0.02;?
55;co;0.005;0.005
226;motion;0;0
1365;device;b8:27:eb:bf:9d:51;?
136;device;b8:27:eb:bf:9d:51;b8:27:eb:bf:9d:51
468;motion;0;0
457;humidity;74.6;?
438;light;0;?
2246;light;0;0
2353;motion;0;0
1113;light;1;1
2782;co;0.0049;?
2968;device;b8:27:eb:bf:9d:51;b8:27:eb:bf:9d:51
3000;device;1c:bf:ce:15:ec:4d;?
1428;humidity;76.5;?
2420;motion;0;0
1821;temp;22.2;22.7
978;lpg;0.0049;?
1637;motion;0;0
1317;device;b8:27:eb:bf:9d:51;b8:27:eb:bf:9d:51
205;humidity;51.1;?
881;co;0.0043;0.005
2607;lpg;0.0046;?
1349;light;0;0
1744;temp;22.4;22.7
922;lpg;0.0049;0.0051
1588;device;b8:27:eb:bf:9d:51;b8:27:eb:bf:9d:51
117;co;0.005;0.005
2934;light;0;0
910;smoke;0.021;?
2277;smoke;0.012;0.013999999999999999
1414;light;0;?
2399;motion;0;0
532;light;0;?
296;light;1;1
1266;co;0.0026;0.0029
1455;motion;0;0
1453;light;0;?
1230;device;b8:27:eb:bf:9d:51;b8:27:eb:bf:9d:51
2109;temp;26.8;27.0
1092;co;0.0043;0.005
1265;device;b8:27:eb:bf:9d:51;b8:27:eb:bf:9d:51
383;light;1;1
2566;device;00:0f:00:70:91:0a;?
2320;smoke;0.012;0.013999999999999999
686;device;b8:27:eb:bf:9d:51;b8:27:eb:bf:9d:51
2056;light;1;1
2058;co;0.005;0.005
1755;lpg;0.0077;0.0077
2420;light;0;?
1375;smoke;0.018000000000000002;0.02
497;temp;22.0;22.7
2032;smoke;0.018000000000000002;0.02
2318;humidity;51.3;?
2237;motion;0;0
1208;lpg;0.006999999999999999;0.0077
2152;device;b8:27:eb:bf:9d:51;?
2608;device;b8:27:eb:bf:9d:51;b8:27:eb:bf:9d:51
126;motion;0;0
2121;lpg;0.0048;?
964;humidity;76.2;?
1633;humidity;77.6;?
2945;device;b8:27:eb:bf:9d:51;b8:27:eb:bf:9d:51
2054;smoke;0.021;?
1131;smoke;0.018000000000000002;?
190;temp;22.7;22.7
1985;smoke;0.012;0.013999999999999999
1604;humidity;51.3;?
1009;temp;19.7;6.8
2080;co;0.0042;0.005
2900;light;0;0
991;temp;19.7;?
543;humidity;75.4;?
1518;smoke;0.018000000000000002;0.02
248;motion;0;0
1131;lpg;0.0069;?
2549;smoke;0.02;?
279;device;00:0f:00:70:91:0a;?
2139;lpg;0.0077;0.0077
1597;co;0.0026;0.0029
468;lpg;0.0069;0.0077
907;light;0;?
2778;smoke;0.02;?
1027;device;b8:27:eb:bf:9d:51;b8:27:eb:bf:9d:51
1279;temp;22.7;22.7
521;device;b8:27:eb:bf:9d:51;b8:27:eb:bf:9d:51
1263;motion;0;0
2061;temp;22.3;22.6
2845;humidity;51.3;?
1632;lpg;0.0048;0.0051
818;lpg;0.0078;0.0077
491;device;00:0f:00:70:91:0a;?
1053;motion;0;0
2026;humidity;51.2;?
788;co;0.0028;0.0029
2068;humidity;75.5;?
1879;temp;19.5;6.8
1122;smoke;0.021;?
1930;temp;19.5;6.8
175;co;0.0043;0.005
1910;motion;0;0
2872;motion;0;0
655;device;b8:27:eb:bf:9d:51;b8:27:eb:bf:9d:51
755;humidity;50.9;?
2545;device;1c:bf:ce:15:ec:4d;?
1052;motion;0;0
2371;smoke;0.021;?
2253;co;0.005;0.005
95;lpg;0.0052;0.0051
352;motion;0;0
1829;smoke;0.021;?
2668;device;1c:bf:ce:15:ec:4d;1c:bf:ce:15:ec:4d
792;humidity;51.1;?
1251;lpg;0.0078;0.0077
843;device;1c:bf:ce:15:ec:4d;1c:bf:ce:15:ec:4d
94;motion;0;0
1833;smoke;0.012;0.013999999999999999
261;humidity;51.1;?
983;light;0;0
2172;smoke;0.021;?
2360;light;0;0
867;co;0.0047;0.005
486;device;b8:27:eb:bf:9d:51;b8:27:eb:bf:9d:51
2380;light;0;0
2960;motion;0;0
957;smoke;0.012;0.013999999999999999
2500;lpg;0.0047;0.0051
610;device;b8:27:eb:bf:9d:51;b8:27:eb:bf:9d:51
418;humidity;75.1;?
2032;motion;0;0
2340;smoke;0.018000000000000002;0.02
2355;lpg;0.0068;0.0077
601;device;1c:bf:ce:15:ec:4d;1c:bf:ce:15:ec:4d
1334;device;b8:27:eb:bf:9d:51;b8:27:eb:bf:9d:51
1825;device;00:0f:00:70:91:0a;?
344;lpg;0.006999999999999999;0.0077
2550;temp;19.7;?
2542;temp;19.7;6.8
2511;lpg;0.0071;?
2994;motion;0;0
2122;co;0.005;0.005
2522;device;00:0f:00:70:91:0a;?
2365;lpg;0.0047;0.0051
722;temp;22.4;22.7
513;light;1;1
1884;light;0;0
2526;device;00:0f:00:70:91:0a;?
1482;device;b8:27:eb:bf:9d:51;b8:27:eb:bf:9d:51
2004;smoke;0.018000000000000002;0.02
1274;device;b8:27:eb:bf:9d:51;b8:27:eb:bf:9d:51
1019;co;0.0026;0.0029
1082;light;1;1
435;co;0.005;0.005
2646;motion;0;0
556;co;0.0028;0.0029
1783;light;0;0
1663;smoke;0.018000000000000002;0.02
2057;co;0.005;0.005
737;device;00:0f:00:70:91:0a;?
427;device;b8:27:eb:bf:9d:51;b8:27:eb:bf:9d:51
2247;lpg;0.0068;0.0077
1152;temp;22.6;22.7
449;co;0.005;0.005
1505;light;1;1
2628;device;00:0f:00:70:91:0a;?
248;light;0;?
1855;temp;22.1;22.6
798;motion;0;0
44;light;0;?
2421;motion;0;0
306;humidity;78.1;?
976;lpg;0.0078;0.0077
938;temp;27.0;27.0
1447;device;1c:bf:ce:15:ec:4d;1c:bf:ce:15:ec:4d
277;co;0.005;0.005
1912;light;0;?
338;humidity;74.7;?
178;co;0.005;0.005
741;co;0.0051;0.005
1030;humidity;77.8;?
2956;light;0;?
2018;temp;19.5;6.8
867;motion;0;0
2577;temp;19.8;6.8
2588;temp;22.6;22.6
1953;temp;22.1;22.7
616;motion;0;0
2033;temp;22.2;?
560;motion;0;0
2254;temp;19.7;6.8
359;device;00:0f:00:70:91:0a;?
954;temp;22.5;22.7
1797;motion;0;0
154;lpg;0.0077;0.0077
1362;temp;22.6;22.7
224;humidity;51.1;?
2122;device;b8:27:eb:bf:9d:51;b8:27:eb:bf:9d:51
2914;device;1c:bf:ce:15:ec:4d;?
1865;co;0.0026;0.0029
2393;temp;19.7;6.8
1478;lpg;0.0077;0.0077
2741;temp;26.7;?
2851;device;b8:27:eb:bf:9d:51;b8:27:eb:bf:9d:51
2018;light;0;0
1930;device;00:0f:00:70:91:0a;?
452;light;0;0
2135;smoke;0.021;?
2819;device;b8:27:eb:bf:9d:51;?
607;lpg;0.006999999999999999;0.0077
471;co;0.0043;0.005
2989;motion;0;0
38;lpg;0.0052;0.0051
2520;co;0.0042;?
2517;motion;0;0
1803;temp;26.8;27.0
1323;motion;0;0
865;humidity;78.3;?
2867;lpg;0.0067;0.0077
356;lpg;0.0051;0.0051
1427;light;0;0
447;humidity;48.8;?
1716;temp;22.5;22.7
2879;temp;19.9;6.8
1645;motion;0;0
260;device;1c:bf:ce:15:ec:4d;1c:bf:ce:15:ec:4d
1321;co;0.0043;0.005
1472;lpg;0.0067;0.0077
1257;lpg;0.0068;0.0077
518;lpg;0.0077;0.0077
572;temp;22.1;22.7
1642;temp;19.8;6.8
2341;temp;22.5;22.7
2330;motion;0;0
2108;co;0.005;0.005
345;lpg;0.0077;0.0077
1257;humidity;78.6;?
1038;humidity;77.7;?
1477;lpg;0.0048;0.0051
2808;device;00:0f:00:70:91:0a;?
1961;humidity;75.3;?
833;co;0.0042;0.005
1567;humidity;76.5;?
1667;temp;19.8;6.8
2436;co;0.0042;0.005
1422;smoke;0.021;?
792;co;0.0051;0.005
852;light;1;1
1588;co;0.005;0.005
2000;co;0.0042;0.005
355;lpg;0.0077;0.0077
2975;humidity;76.7;?
1001;smoke;0.021;?
358;device;b8:27:eb:bf:9d:51;b8:27:eb:bf:9d:51
2882;co;0.0024;0.0029
2691;smoke;0.012;?
1395;temp;19.8;6.8
2503;temp;26.7;?
1024;smoke;0.021;?
2386;lpg;0.0047;?
1331;temp;22.6;22.7
1789;co;0.005;0.005
2775;motion;0;0
2017;motion;0;0
1681;device;b8:27:eb:bf:9d:51;b8:27:eb:bf:9d:51
1291;temp;22.6;22.7
729;device;00:0f:00:70:91:0a;?
491;motion;0;0
2487;light;1;1
1444;co;0.0042;0.005
2167;light;0;?
918;lpg;0.0077;0.0077
983;co;0.0051;0.005
1256;temp;22.6;22.7
587;smoke;0.021;?
192;temp;27.0;27.0
1376;lpg;0.0077;0.0077
2484;device;1c:bf:ce:15:ec:4d;?
1353;motion;0;0
1377;device;b8:27:eb:bf:9d:51;b8:27:eb:bf:9d:51
2291;co;0.0042;0.005
2724;humidity;51.3;?
157;lpg;0.0077;0.0077
1066;humidity;76.2;?
2306;motion;0;0
368;device;00:0f:00:70:91:0a;?
1206;lpg;0.0048;0.0051
753;humidity;51.0;?
1186;co;0.0026;0.0029
99;temp;19.8;6.8
1912;lpg;0.0048;0.0051
2066;humidity;78.4;?
2522;humidity;76.0;?
2605;light;0;?
468;co;0.0043;0.005
2898;light;1;1
1452;smoke;0.018000000000000002;0.02
2245;light;0;0
71;co;0.0049;0.005
2920;co;0.0024;?
2962;co;0.0049;?
112;co;0.0044;0.005
924;temp;22.5;22.7
1853;light;0;0
296;temp;27.0;27.0
1978;device;00:0f:00:70:91:0a;?
653;humidity;50.5;?
2383;temp;22.5;22.7
1449;lpg;0.0078;0.0077
2947;light;1;1
1816;motion;0;0
795;temp;27.0;27.0
1356;device;b8:27:eb:bf:9d:51;b8:27:eb:bf:9d:51
30;smoke;0.02;?
2353;co;0.0042;0.005
1577;light;0;?
804;motion;0;0
2933;light;0;?
245;device;1c:bf:ce:15:ec:4d;1c:bf:ce:15:ec:4d
1991;lpg;0.0077;0.0077
1482;lpg;0.0077;0.0077
2985;humidity;51.4;?
676;light;0;?
393;device;1c:bf:ce:15:ec:4d;1c:bf:ce:15:ec:4d
2066;motion;0;0
1242;co;0.005;?
465;light;1;1
496;co;0.0042;0.005
636;device;b8:27:eb:bf:9d:51;b8:27:eb:bf:9d:51
171;motion;0;0
323;light;1;1
2362;light;0;?
895;temp;22.5;22.7
190;smoke;0.021;0.02
766;co;0.005;0.005
1253;co;0.005;0.005
1211;temp;22.6;22.7
1216;humidity;76.1;?
1167;humidity;77.8;?
2099;humidity;51.1;?
1594;humidity;77.6;?
1590;co;0.005;0.005
1460;co;0.0026;0.0029
1217;co;0.0043;0.005
425;humidity;74.6;?
2590;temp;26.8;?
1551;temp;26.9;27.0
1140;device;b8:27:eb:bf:9d:51;b8:27:eb:bf:9d:51
1179;humidity;77.9;?
1902;smoke;0.012;0.013999999999999999
1568;light;0;?
2453;motion;0;0
2619;motion;0;0
259;device;00:0f:00:70:91:0a;?
95;temp;19.7;6.8
2716;co;0.0024;0.0029
2699;device;1c:bf:ce:15:ec:4d;1c:bf:ce:15:ec:4d
2768;lpg;0.0076;0.0077
819;lpg;0.006999999999999999;0.0077
289;lpg;0.0077;0.0077
2154;smoke;0.021;?
244;motion;0;0
2597;smoke;0.018000000000000002;?
2852;smoke;0.012;?
2280;lpg;0.0077;0.0077
1584;lpg;0.0077;?
784;temp;27.0;27.0
932;humidity;51.1;?
1179;light;1;1
2572;smoke;0.021;?
2075;temp;26.8;27.0
1323;light;0;?
2841;lpg;0.0076;0.0077
145;light;1;1
1533;co;0.0026;?
2969;lpg;0.0046;?
2320;light;0;?
2313;light;1;1
1852;temp;19.6;6.8
686;light;0;?
2705;temp;19.8;6.8
1673;co;0.0042;0.005
75;lpg;0.0076;0.0077
1846;humidity;74.7;?
2791;motion;0;0
2272;humidity;77.6;?
1901;motion;0;0
91;co;0.005;0.005
343;lpg;0.0077;0.0077
261;lpg;0.0077;0.0077
2603;humidity;76.4;?
2754;temp;26.7;?
2719;lpg;0.0077;?
2316;device;b8:27:eb:bf:9d:51;b8:27:eb:bf:9d:51
1786;co;0.0042;0.005
1086;temp;19.7;6.8
1145;device;b8:27:eb:bf:9d:51;b8:27:eb:bf:9d:51
2661;light;0;0
2255;light;0;?
756;co;0.0028;?
2910;humidity;76.9;?
2252;motion;0;0
1233;light;0;?
243;temp;22.6;22.7
2644;co;0.005;?
817;motion;0;0
76;device;1c:bf:ce:15:ec:4d;1c:bf:ce:15:ec:4d
2821;co;0.0042;0.005
2231;lpg;0.0077;0.0077
302;smoke;0.013000000000000001;0.013999999999999999
1992;lpg;0.0048;0.0051
194;temp;27.1;27.0
2074;co;0.005;0.005
1542;humidity;76.3;?
2552;temp;22.6;22.7
1184;smoke;0.021;?
1525;humidity;51.1;?
1349;motion;0;0
768;lpg;0.0078;0.0077
2327;humidity;77.6;?
2722;smoke;0.018000000000000002;?
2712;device;00:0f:00:70:91:0a;?
1656;smoke;0.018000000000000002;0.02
1204;motion;0;0
172;humidity;78.0;?
939;temp;22.6;22.7
1807;smoke;0.012;0.013999999999999999
2681;smoke;0.012;0.013999999999999999
355;humidity;49.2;?
2935;motion;0;0
1557;device;b8:27:eb:bf:9d:51;b8:27:eb:bf:9d:51
1168;smoke;0.013000000000000001;0.013999999999999999
2989;smoke;0.018000000000000002;?
723;light;1;1
2757;device;b8:27:eb:bf:9d:51;b8:27:eb:bf:9d:51
2957;smoke;0.018000000000000002;?
1787;motion;0;0
40;smoke;0.019;0.02
1290;lpg;0.0048;0.0051
1105;humidity;77.8;?
318;co;0.0043;0.005
693;motion;0;0
1277;co;0.0026;0.0029
2400;motion;0;0
721;humidity;75.6;?
2054;temp;22.3;22.7
2207;light;0;?
1218;lpg;0.0077;0.0077
612;lpg;0.0077;0.0077
540;lpg;0.0051;0.0051
1924;smoke;0.021;?
1056;device;b8:27:eb:bf:9d:51;b8:27:eb:bf:9d:51
1646;device;b8:27:eb:bf:9d:51;b8:27:eb:bf:9d:51
2235;smoke;0.021;?
2361;lpg;0.0077;?
2372;device;00:0f:00:70:91:0a;?
2113;lpg;0.0077;0.0077
1799;humidity;49.1;?
2905;motion;0;0
992;device;b8:27:eb:bf:9d:51;b8:27:eb:bf:9d:51
2384;motion;0;0
823;humidity;51.2;?
1934;humidity;50.3;?
1176;smoke;0.018000000000000002;0.02
2807;humidity;51.2;?
631;motion;0;0
2650;humidity;76.9;?
696;smoke;0.018000000000000002;0.02
184;temp;22.7;22.7
937;lpg;0.0077;0.0077
570;smoke;0.021;?
1364;motion;0;0
35;motion;0;0
403;temp;19.6;6.8
1251;temp;22.6;22.7
2349;motion;0;0
1039;co;0.0026;0.0029
32;smoke;0.02;0.02
1095;temp;22.6;22.6
2128;humidity;51.2;?
832;light;0;?
723;co;0.0043;0.005
234;co;0.0028;0.0029
1025;motion;0;0
1531;motion;0;0
2077;light;0;?
1236;smoke;0.021;?
246;lpg;0.0077;0.0077
2156;co;0.0042;0.005
583;device;00:0f:00:70:91:0a;?
2456;humidity;51.3;?
2804;smoke;0.012;?
27;device;1c:bf:ce:15:ec:4d;1c:bf:ce:15:ec:4d
2592;smoke;0.021;?
435;motion;0;0
419;device;b8:27:eb:bf:9d:51;b8:27:eb:bf:9d:51
2166;co;0.005;0.005
2217;motion;0;0
1485;smoke;0.012;0.013999999999999999
2769;humidity;76.6;?
1594;light;1;1
2613;lpg;0.0069;?
144;lpg;0.0052;0.0051
947;humidity;77.7;?
1379;temp;19.8;6.8
173;light;0;0
1600;lpg;0.0048;?
2882;light;0;0
2575;temp;22.6;22.7
1703;light;1;1
2198;lpg;0.0047;0.0051
2960;light;1;1
184;light;0;?
1892;motion;0;0
1737;humidity;49.4;?
2784;device;1c:bf:ce:15:ec:4d;?
397;device;b8:27:eb:bf:9d:51;b8:27:eb:bf:9d:51
1328;temp;26.9;?
2957;lpg;0.0068;?
2686;smoke;0.018000000000000002;?
962;light;1;1
2602;smoke;0.02;?
1650;humidity;77.6;?
1619;device;00:0f:00:70:91:0a;?
1023;temp;19.7;6.8
1261;light;0;?
985;temp;22.6;?
2661;smoke;0.02;?
773;light;0;?
1396;humidity;51.1;?
2306;lpg;0.0047;0.0051
2196;co;0.0045;0.005
2617;motion;0;0
252;lpg;0.006999999999999999;0.0077
1785;device;b8:27:eb:bf:9d:51;?
1591;humidity;77.6;?
194;lpg;0.006999999999999999;0.0077
2481;lpg;0.0068;?
1937;lpg;0.0068;0.0077
1555;smoke;0.021;?
1137;device;b8:27:eb:bf:9d:51;b8:27:eb:bf:9d:51
1529;humidity;76.4;?
145;smoke;0.018000000000000002;0.02
1866;smoke;0.021;0.02
1334;light;0;?
2413;co;0.0025;0.0029
320;device;1c:bf:ce:15:ec:4d;1c:bf:ce:15:ec:4d
2643;lpg;0.0045;?
1342;motion;0;0
336;co;0.0043;0.005
1368;light;0;0
1866;light;0;?
1917;light;0;?
1974;motion;0;0
532;device;b8:27:eb:bf:9d:51;b8:27:eb:bf:9d:51
1208;temp;26.9;27.0
158;lpg;0.006999999999999999;0.0077
2046;device;1c:bf:ce:15:ec:4d;1c:bf:ce:15:ec:4d
643;motion;0;0
2452;lpg;0.0068;?
475;light;0;0
1478;smoke;0.021;?
1117;light;0;?
1575;device;00:0f:00:70:91:0a;?
1338;lpg;0.0048;0.0051
1790;motion;0;0
2720;motion;0;0
1090;motion;0;0
1667;co;0.0026;0.0029
608;smoke;0.021;?
2704;device;b8:27:eb:bf:9d:51;b8:27:eb:bf:9d:51
294;co;0.005;0.005
2441;humidity;77.7;?
1603;motion;0;0
1122;lpg;0.0078;0.0077
2788;humidity;76.5;?
87;temp;19.8;6.8
730;temp;22.4;22.7
1794;co;0.0051;?
2041;humidity;51.5;?
2665;temp;19.8;6.8
2624;smoke;0.02;?
260;lpg;0.006999999999999999;0.0077
2672;co;0.0043;?
2595;device;b8:27:eb:bf:9d:51;b8:27:eb:bf:9d:51
64;lpg;0.0077;0.0077
2733;light;0;?
252;humidity;78.8;?
2387;humidity;77.8;?
2943;device;b8:27:eb:bf:9d:51;b8:27:eb:bf:9d:51
759;motion;0;0
2785;motion;0;0
331;smoke;0.013000000000000001;0.013999999999999999
1066;motion;0;0
1738;temp;19.7;6.8
203;humidity;51.0;?
743;co;0.0051;0.005
1631;motion;0;0
2729;co;0.0024;?
955;temp;19.7;6.8
860;co;0.0027;0.0029
2582;device;00:0f:00:70:91:0a;?
457;co;0.0028;0.0029
1909;light;0;?
411;co;0.005;0.005
2280;temp;22.5;22.7
1160;motion;0;0
619;light;1;1
1823;device;1c:bf:ce:15:ec:4d;1c:bf:ce:15:ec:4d
881;lpg;0.0069;0.0077
227;motion;0;0
1442;temp;26.9;27.0
69;co;0.0044;0.005
780;humidity;51.0;?
452;temp;22.1;22.7
1704;humidity;49.6;?
24;lpg;0.0051;0.0051
43;co;0.0044;0.005
2905;humidity;51.3;?
1566;light;0;?
883;lpg;0.0078;0.0077
2444;lpg;0.0077;?
126;humidity;51.0;?
1780;co;0.0026;0.0029
2493;smoke;0.012;?
478;co;0.0028;0.0029
2504;lpg;0.0076;?
1988;lpg;0.006999999999999999;0.0077
922;smoke;0.013000000000000001;0.013999999999999999
450;temp;27.0;27.0
2853;temp;22.6;22.7
1792;light;0;0
2383;co;0.005;?
2714;smoke;0.018000000000000002;?
2470;smoke;0.02;?
2224;device;b8:27:eb:bf:9d:51;?
782;device;1c:bf:ce:15:ec:4d;1c:bf:ce:15:ec:4d
798;device;1c:bf:ce:15:ec:4d;1c:bf:ce:15:ec:4d
2170;temp;26.8;27.0
2929;temp;26.7;?
2234;lpg;0.0068;0.0077
2755;device;b8:27:eb:bf:9d:51;b8:27:eb:bf:9d:51
1435;humidity;76.4;?
814;light;0;0
1326;temp;19.8;6.8
1641;temp;22.6;22.7
703;humidity;78.5;?
2508;temp;22.6;22.7
391;lpg;0.0051;0.0051
1201;humidity;51.1;?
2863;humidity;76.7;?
2571;light;1;?
382;motion;0;0
1922;co;0.005;0.005
288;lpg;0.0069;0.0077
1248;lpg;0.0069;0.0077
1493;co;0.0027;0.0029
1443;co;0.0051;?
1534;device;1c:bf:ce:15:ec:4d;1c:bf:ce:15:ec:4d
1866;co;0.005;0.005
679;temp;27.0;?
2295;smoke;0.012;?
327;co;0.0043;0.005
437;temp;19.5;6.8
568;lpg;0.0051;?
2825;co;0.005;?
2788;smoke;0.012;0.013999999999999999
2672;device;1c:bf:ce:15:ec:4d;?
1385;lpg;0.0048;0.0051
584;humidity;50.7;?
2555;co;0.005;?
840;light;0;0
2950;smoke;0.02;?
653;smoke;0.021;0.02
550;device;b8:27:eb:bf:9d:51;b8:27:eb:bf:9d:51
2405;smoke;0.02;?
185;temp;27.1;27.0
1729;light;0;?
840;smoke;0.021;?
1142;lpg;0.0048;?
2079;smoke;0.02;?
593;temp;27.0;27.0
1365;temp;22.6;?
2779;co;0.0042;0.005
1651;device;b8:27:eb:bf:9d:51;b8:27:eb:bf:9d:51
2402;co;0.005;?
1295;motion;0;0
2272;temp;26.8;27.0
866;light;0;0
940;motion;0;0
627;motion;0;0
2006;motion;0;0
1068;light;0;?
1449;light;0;?
1851;co;0.0042;0.005
1008;lpg;0.0077;0.0077
2832;humidity;76.5;?
554;motion;0;0
709;motion;0;0
1084;motion;0;0
596;lpg;0.0051;?
1612;motion;0;0
1098;co;0.005;0.005
500;device;1c:bf:ce:15:ec:4d;1c:bf:ce:15:ec:4d
2401;humidity;76.1;?
1517;co;0.005;0.005
1784;motion;0;0
101;lpg;0.0076;0.0077
1639;humidity;75.6;?
1406;lpg;0.0068;0.0077
1774;humidity;49.1;?
2617;device;00:0f:00:70:91:0a;00:0f:00:70:91:0a
1234;device;1c:bf:ce:15:ec:4d;?
2723;humidity;76.3;?
2741;smoke;0.018000000000000002;?
1465;humidity;77.9;?
976;device;b8:27:eb:bf:9d:51;b8:27:eb:bf:9d:51
231;co;0.0028;0.0029
2672;temp;26.7;?
1959;lpg;0.0071;0.0077
260;light;1;1
1769;device;b8:27:eb:bf:9d:51;b8:27:eb:bf:9d:51
2939;humidity;76.6;?
2267;co;0.005;0.005
1043;co;0.0027;0.0029
253;light;0;?
607;co;0.0044;0.005
1203;lpg;0.0048;?
1751;lpg;0.0077;0.0077
312;smoke;0.013000000000000001;0.013999999999999999
2120;smoke;0.018000000000000002;?
2946;smoke;0.012;?
2535;lpg;0.0068;?
634;light;0;?
1167;device;1c:bf:ce:15:ec:4d;1c:bf:ce:15:ec:4d
2629;temp;22.6;?
703;motion;0;0
2333;lpg;0.0047;?
1229;temp;19.7;6.8
32;device;b8:27:eb:bf:9d:51;b8:27:eb:bf:9d:51
1363;humidity;51.2;?
2268;smoke;0.021;?
1279;co;0.005;0.005
2226;device;1c:bf:ce:15:ec:4d;1c:bf:ce:15:ec:4d
1951;lpg;0.0068;0.0077
966;co;0.0042;0.005
2726;motion;0;0
2668;lpg;0.0068;0.0077
1309;smoke;0.021;?
409;humidity;78.2;?
1289;humidity;51.1;?
1171;temp;19.7;6.8
1614;light;1;1
1448;motion;0;0
147;lpg;0.0051;0.0051
2363;humidity;77.7;?
2187;humidity;75.6;?
1673;device;1c:bf:ce:15:ec:4d;1c:bf:ce:15:ec:4d
137;humidity;77.8;?
589;motion;0;0
1748;light;0;?
645;humidity;78.0;?
870;co;0.0043;0.005
2159;humidity;75.6;?
1525;temp;22.6;22.7
2497;motion;0;0
2522;temp;19.7;6.8
2172;light;0;0
50;humidity;50.9;?
1517;smoke;0.021;?
2499;smoke;0.02;?
1728;device;1c:bf:ce:15:ec:4d;1c:bf:ce:15:ec:4d
2555;light;0;0
1302;motion;0;0
600;co;0.005;0.005
512;temp;22.0;22.7
2607;device;00:0f:00:70:91:0a;?
2896;co;0.0049;0.005
2146;co;0.0042;0.005
153;light;0;0
236;lpg;0.006999999999999999;0.0077
2194;lpg;0.0047;?
2496;smoke;0.021;?
2171;light;0;?
2298;smoke;0.012;0.013999999999999999
2325;temp;22.5;22.7
1829;device;b8:27:eb:bf:9d:51;b8:27:eb:bf:9d:51
2952;device;1c:bf:ce:15:ec:4d;?
1427;humidity;51.1;?
482;motion;0;0
1732;motion;0;0
1874;co;0.005;0.005
2887;lpg;0.0068;?
2339;light;0;?
2727;lpg;0.0069;0.0077
381;lpg;0.0051;0.0051
292;temp;19.7;6.8
2863;lpg;0.0067;?
105;co;0.0044;0.005
823;temp;22.5;?
351;temp;27.0;27.0
1809;humidity;74.8;?
2580;lpg;0.0046;0.0051
2556;light;1;1
563;humidity;50.5;?
1010;temp;26.9;27.0
2565;device;b8:27:eb:bf:9d:51;b8:27:eb:bf:9d:51
863;lpg;0.0078;0.0077
2700;light;0;?
132;motion;0;0
2555;humidity;51.3;?
410;light;0;0
165;smoke;0.013000000000000001;0.013999999999999999
433;humidity;48.8;?
544;co;0.005;0.005
2508;co;0.005;?
472;co;0.005;0.005
2020;motion;0;0
1010;light;1;1
1719;co;0.0042;0.005
2103;smoke;0.02;?
671;smoke;0.021;?
1205;device;b8:27:eb:bf:9d:51;b8:27:eb:bf:9d:51
2700;lpg;0.0076;?
2629;motion;0;0
2570;humidity;51.3;?
2642;device;b8:27:eb:bf:9d:51;b8:27:eb:bf:9d:51
2771;lpg;0.0076;?
2513;lpg;0.0077;0.0077
1306;lpg;0.0078;0.0077
1527;smoke;0.019;0.02
865;light;1;1
229;device;b8:27:eb:bf:9d:51;b8:27:eb:bf:9d:51
1281;co;0.0051;0.005
2745;motion;0;0
2944;temp;26.7;?
1039;motion;0;0
2347;motion;0;0
2745;device;1c:bf:ce:15:ec:4d;1c:bf:ce:15:ec:4d
1340;smoke;0.021;?
1345;device;00:0f:00:70:91:0a;?
2169;temp;22.4;22.7
115;light;0;?
2471;temp;26.8;?
1198;light;0;?
2874;device;b8:27:eb:bf:9d:51;?
1792;smoke;0.021;?
1711;temp;19.7;?
2847;temp;19.9;6.8
586;humidity;75.1;?
2560;humidity;76.2;?
1782;light;0;?
1003;lpg;0.0071;0.0077
2537;device;b8:27:eb:bf:9d:51;b8:27:eb:bf:9d:51
2094;light;0;?
794;smoke;0.021;?
2433;smoke;0.012;0.013999999999999999
213;smoke;0.021;?
2312;temp;19.7;6.8
1719;device;1c:bf:ce:15:ec:4d;1c:bf:ce:15:ec:4d
1987;lpg;0.0077;0.0077
671;device;b8:27:eb:bf:9d:51;b8:27:eb:bf:9d:51
1969;smoke;0.021;?
1748;lpg;0.0047;0.0051
1322;co;0.005;0.005
1616;co;0.005;0.005
1773;motion;0;0
590;humidity;78.2;?
2006;co;0.005;0.005
466;temp;22.1;22.7
2042;lpg;0.0077;0.0077
1314;humidity;76.1;?
1258;light;0;?
1836;light;0;?
1600;co;0.0026;0.0029
781;temp;19.6;6.8
2662;smoke;0.012;0.013999999999999999
368;light;0;0
2607;humidity;76.3;?
72;lpg;0.0051;0.0051
2397;temp;22.6;22.7
1702;motion;0;0
900;smoke;0.018000000000000002;0.02
2828;temp;19.8;6.8
2781;lpg;0.0045;0.0051
1332;light;0;0
2434;humidity;78.1;?
1165;lpg;0.0078;0.0077
2477;motion;0;0
2809;smoke;0.02;?
462;smoke;0.021;?
2050;humidity;77.9;?
1613;humidity;51.2;?
141;smoke;0.019;0.02
95;light;0;0
2403;device;1c:bf:ce:15:ec:4d;?
1602;temp;22.7;22.7
579;co;0.005;0.005
539;motion;0;0
285;lpg;0.0077;0.0077
2117;smoke;0.018000000000000002;0.02
1583;lpg;0.0048;0.0051
1840;device;b8:27:eb:bf:9d:51;b8:27:eb:bf:9d:51
2487;motion;0;0
1958;humidity;51.1;?
1880;device;b8:27:eb:bf:9d:51;b8:27:eb:bf:9d:51
150;temp;22.7;22.7
1231;temp;26.9;27.0
2084;lpg;0.0077;0.0077
2016;co;0.005;0.005
2039;device;00:0f:00:70:91:0a;00:0f:00:70:91:0a
1129;lpg;0.0049;0.0051
2273;motion;0;0
2764;temp;22.7;22.7
2266;co;0.0042;0.005
2474;device;1c:bf:ce:15:ec:4d;1c:bf:ce:15:ec:4d
2987;smoke;0.02;?
234;smoke;0.013000000000000001;0.013999999999999999
2208;motion;0;0
991;light;0;?
1936;light;0;0
1859;co;0.005;0.005
2563;light;0;?
1779;co;0.005;0.005
423;humidity;48.8;?
465;humidity;78.8;?
1094;light;0;?
1290;motion;0;0
441;temp;22.1;22.7
442;device;1c:bf:ce:15:ec:4d;1c:bf:ce:15:ec:4d
44;co;0.0049;0.005
1441;motion;0;0
2983;lpg;0.0076;0.0077
1281;humidity;51.2;?
2555;temp;22.6;22.7
2224;humidity;51.3;?
1824;temp;22.2;22.7
2265;lpg;0.0047;?
2235;device;b8:27:eb:bf:9d:51;b8:27:eb:bf:9d:51
1609;device;b8:27:eb:bf:9d:51;b8:27:eb:bf:9d:51
50;smoke;0.02;0.02
1620;light;1;1
1069;motion;0;0
243;lpg;0.0077;0.0077
63;humidity;76.0;?
1493;humidity;76.3;?
832;device;b8:27:eb:bf:9d:51;?
1091;smoke;0.021;?
1702;light;0;0
342;light;0;?
1614;temp;26.9;27.0
41;motion;0;0
576;smoke;0.021;?
1698;device;00:0f:00:70:91:0a;?
622;smoke;0.021;?
2967;temp;26.7;?
1863;smoke;0.012;0.013999999999999999
1283;device;b8:27:eb:bf:9d:51;b8:27:eb:bf:9d:51
2689;lpg;0.0069;?
2679;motion;0;0
618;smoke;0.021;?
1973;co;0.005;0.005
539;co;0.005;0.005
1682;light;0;?
1231;co;0.0041;?
2136;light;1;1
1204;co;0.0044;0.005
2248;lpg;0.0077;0.0077
2606;smoke;0.018000000000000002;?
146;device;b8:27:eb:bf:9d:51;b8:27:eb:bf:9d:51
605;temp;27.0;?
970;device;00:0f:00:70:91:0a;?
1556;light;0;?
430;motion;0;0
58;temp;19.8;19.7
1015;motion;0;0
2353;smoke;0.018000000000000002;?
1404;device;00:0f:00:70:91:0a;?
702;device;b8:27:eb:bf:9d:51;b8:27:eb:bf:9d:51
2705;co;0.0024;0.0029
676;device;00:0f:00:70:91:0a;?
1757;light;0;?
1414;lpg;0.0048;0.0051
2451;co;0.005;?
335;smoke;0.021;?
1433;light;1;1
2149;temp;26.8;27.0
1484;co;0.0043;0.005
2563;motion;0;0
1397;device;1c:bf:ce:15:ec:4d;1c:bf:ce:15:ec:4d
203;temp;22.7;22.7
2720;light;0;0
2907;humidity;76.8;?
35;lpg;0.0076;0.0077
758;light;1;1
1980;humidity;50.8;?
2591;lpg;0.0076;?
778;co;0.0051;0.005
2274;lpg;0.0077;0.0077
638;device;b8:27:eb:bf:9d:51;b8:27:eb:bf:9d:51
1748;device;00:0f:00:70:91:0a;?
2975;smoke;0.012;?
2805;humidity;51.3;?
1249;co;0.0051;?
1759;co;0.0026;?
1635;lpg;0.0047;0.0051
353;motion;0;0
2997;smoke;0.018000000000000002;?
1390;lpg;0.0068;0.0077
1398;lpg;0.0077;0.0077
1800;motion;0;0
1913;lpg;0.0077;0.0077
296;co;0.0043;0.005
1992;co;0.0026;0.0029
1074;light;1;1
2548;humidity;76.3;?
995;lpg;0.0048;0.0051
1337;device;b8:27:eb:bf:9d:51;b8:27:eb:bf:9d:51
1277;motion;0;0
1638;device;b8:27:eb:bf:9d:51;b8:27:eb:bf:9d:51
16;motion;0;0
1966;lpg;0.0068;0.0077
1509;smoke;0.012;0.013999999999999999
920;temp;27.0;?
166;light;1;1
2177;device;b8:27:eb:bf:9d:51;b8:27:eb:bf:9d:51
334;device;00:0f:00:70:91:0a;00:0f:00:70:91:0a
2580;smoke;0.012;0.013999999999999999
1476;motion;0;0
647;device;b8:27:eb:bf:9d:51;b8:27:eb:bf:9d:51
1011;motion;0;0
2060;temp;26.8;27.0
2649;co;0.0049;?
1531;humidity;77.6;?
2044;temp;19.6;6.8
2676;smoke;0.012;?
1672;temp;19.8;6.8
638;lpg;0.0077;0.0077
383;motion;0;0
698;motion;0;0
2885;humidity;76.7;?
2551;device;b8:27:eb:bf:9d:51;b8:27:eb:bf:9d:51
2824;smoke;0.012;?
527;humidity;50.2;?
1893;smoke;0.021;?
705;lpg;0.0077;0.0077
926;light;0;0
2024;lpg;0.0077;0.0077
1970;co;0.0026;0.0029
1447;smoke;0.018000000000000002;0.02
1871;motion;0;0
215;co;0.0043;0.005
773;smoke;0.013000000000000001;0.013999999999999999
1831;temp;26.8;27.0
2049;humidity;75.4;?
340;humidity;74.7;?
2176;temp;19.6;6.8
2473;lpg;0.0047;?
544;humidity;50.9;?
1341;smoke;0.012;0.013999999999999999
123;humidity;77.9;?
2317;humidity;77.6;?
1648;smoke;0.021;?
1795;smoke;0.012;0.013999999999999999
1460;device;00:0f:00:70:91:0a;00:0f:00:70:91:0a
2563;smoke;0.012;?
1466;temp;19.8;6.8
1003;humidity;77.7;?
2774;smoke;0.012;?
50;lpg;0.0076;0.0077
1023;humidity;76.2;?
1226;temp;22.6;22.7
52;smoke;0.021;?
2501;smoke;0.021;?
1787;device;b8:27:eb:bf:9d:51;b8:27:eb:bf:9d:51
1786;temp;26.9;27.0
15;co;0.005;0.005
575;smoke;0.013000000000000001;0.013999999999999999
1085;temp;22.6;22.7
1836;device;b8:27:eb:bf:9d:51;b8:27:eb:bf:9d:51
366;humidity;77.9;?
2779;humidity;76.7;?
2728;light;0;?
1730;smoke;0.012;0.013999999999999999
128;light;0;0
1717;humidity;77.7;?
1574;smoke;0.021;?
539;humidity;50.7;?
1411;device;b8:27:eb:bf:9d:51;b8:27:eb:bf:9d:51
2006;light;0;?
621;motion;0;0
634;device;00:0f:00:70:91:0a;?
163;light;1;1
585;co;0.0044;0.005
1454;co;0.0026;?
528;device;1c:bf:ce:15:ec:4d;1c:bf:ce:15:ec:4d
694;motion;0;0
1340;motion;0;0
232;motion;0;0
900;device;1c:bf:ce:15:ec:4d;1c:bf:ce:15:ec:4d
2974;temp;26.7;?
1801;lpg;0.0048;?
2667;light;0;0
228;lpg;0.006999999999999999;0.0077
2059;temp;19.6;?
124;motion;0;0
1680;humidity;77.8;?
2937;humidity;76.6;?
2072;lpg;0.0077;0.0077
299;humidity;78.0;?
2216;humidity;51.2;?
551;temp;27.0;27.0
1467;device;b8:27:eb:bf:9d:51;b8:27:eb:bf:9d:51
1245;lpg;0.0077;0.0077
1895;motion;0;0
199;smoke;0.021;?
2585;motion;0;0
915;smoke;0.021;?
1464;lpg;0.0077;0.0077
295;temp;22.5;22.7
349;temp;22.4;22.7
2950;light;0;0
404;humidity;48.8;?
1439;motion;0;0
517;lpg;0.0068;0.0077
2558;smoke;0.02;?
1566;lpg;0.0077;0.0077
902;lpg;0.0078;0.0077
1534;smoke;0.018000000000000002;0.02
2387;device;1c:bf:ce:15:ec:4d;?
1569;humidity;51.2;?
1903;lpg;0.0077;0.0077
2043;temp;26.8;27.0
2009;smoke;0.012;0.013999999999999999
1552;device;b8:27:eb:bf:9d:51;b8:27:eb:bf:9d:51
1162;humidity;51.1;?
1124;humidity;51.2;?
1392;co;0.0026;0.0029
2312;light;0;0
2053;smoke;0.018000000000000002;?
1261;co;0.005;0.005
784;device;1c:bf:ce:15:ec:4d;1c:bf:ce:15:ec:4d
2909;device;00:0f:00:70:91:0a;?
2552;light;0;0
790;motion;0;0
285;smoke;0.02;0.02
2137;smoke;0.012;?
415;lpg;0.0077;0.0077
632;lpg;0.0071;0.0077
2721;lpg;0.0076;?
1299;lpg;0.0048;?
2304;motion;0;0
2092;co;0.005;0.005
2454;temp;19.7;6.8
1781;co;0.0042;0.005
2734;light;1;?
741;smoke;0.021;?
2293;light;0;?
954;co;0.0051;0.005
633;co;0.005;0.005
2606;device;1c:bf:ce:15:ec:4d;1c:bf:ce:15:ec:4d
1;smoke;0.02;?
1176;light;1;1
2152;temp;22.4;?
2653;lpg;0.0068;?
731;motion;0;0
757;light;0;0
689;motion;0;0
2467;smoke;0.021;?
1675;device;00:0f:00:70:91:0a;?
1683;temp;22.6;22.7
2101;motion;0;0
2515;humidity;51.3;?
2027;device;1c:bf:ce:15:ec:4d;1c:bf:ce:15:ec:4d
1889;humidity;49.1;?
1643;humidity;51.1;?
1546;light;1;1
2762;motion;0;0
437;device;00:0f:00:70:91:0a;?
2391;smoke;0.018000000000000002;?
1711;light;0;?
1300;co;0.0042;0.005
632;temp;27.0;27.0
2348;device;1c:bf:ce:15:ec:4d;1c:bf:ce:15:ec:4d
1831;motion;0;0
1706;lpg;0.0077;0.0077
774;smoke;0.021;?
2924;lpg;0.0046;0.0051
1499;co;0.0043;0.005
12;co;0.0044;0.005
1185;device;1c:bf:ce:15:ec:4d;?
2203;device;b8:27:eb:bf:9d:51;b8:27:eb:bf:9d:51
1430;lpg;0.0068;0.0077
2177;temp;22.4;22.6
1382;smoke;0.012;0.013999999999999999
2874;motion;0;0
2799;temp;26.7;?
2007;smoke;0.018000000000000002;0.02
474;co;0.005;0.005
1020;co;0.0051;0.005
529;co;0.005;0.005
204;humidity;75.6;?
1237;temp;19.8;6.8
1392;humidity;76.4;?
1385;temp;19.7;6.8
2801;co;0.0024;?
443;humidity;74.5;?
2658;temp;19.8;6.8
1997;co;0.0043;?
1810;motion;0;0
1132;humidity;76.1;?
558;motion;0;0
1417;smoke;0.021;?
1627;device;b8:27:eb:bf:9d:51;b8:27:eb:bf:9d:51
2008;light;0;0
62;light;1;1
1163;device;00:0f:00:70:91:0a;?
2055;humidity;75.4;?
2358;humidity;51.3;?
2060;device;1c:bf:ce:15:ec:4d;1c:bf:ce:15:ec:4d
1856;temp;19.6;6.8
1666;lpg;0.0068;0.0077
2053;humidity;78.2;?
512;smoke;0.021;?
1996;light;0;0
1873;temp;19.5;6.8
2753;humidity;51.2;?
149;motion;0;0
286;device;00:0f:00:70:91:0a;?
2831;light;0;0
300;co;0.0028;0.0029
247;humidity;75.2;?
1156;device;00:0f:00:70:91:0a;?
55;lpg;0.0077;0.0077
877;lpg;0.006999999999999999;0.0077
1103;motion;0;0
431;light;0;?
1836;lpg;0.0077;0.0077
790;light;0;?
1174;light;0;?
18;humidity;50.9;?
920;device;1c:bf:ce:15:ec:4d;?
1341;co;0.0026;?
500;smoke;0.018000000000000002;0.02
1764;lpg;0.0068;0.0077
467;temp;22.1;22.7
2874;humidity;51.3;?
1171;co;0.0026;0.0029
1562;lpg;0.0069;0.0077
400;motion;0;0
882;smoke;0.021;?
2810;smoke;0.018000000000000002;?
149;lpg;0.0077;0.0077
2151;humidity;77.7;?
2948;co;0.0049;?
2792;device;00:0f:00:70:91:0a;?
124;lpg;0.0077;0.0077
913;lpg;0.0077;0.0077
2486;motion;0;0
405;humidity;78.0;?
774;humidity;50.8;?
515;temp;19.5;6.8
1664;co;0.005;0.005
1603;smoke;0.012;0.013999999999999999
555;temp;22.1;?
2820;smoke;0.012;?
1861;device;b8:27:eb:bf:9d:51;b8:27:eb:bf:9d:51
284;device;1c:bf:ce:15:ec:4d;1c:bf:ce:15:ec:4d
466;smoke;0.021;?
2162;temp;22.4;22.7
1139;light;0;0
2416;lpg;0.0047;?
24;light;0;0
2970;temp;22.7;?
2296;temp;22.5;22.7
100;temp;27.0;27.0
1921;lpg;0.0048;?
433;device;b8:27:eb:bf:9d:51;b8:27:eb:bf:9d:51
1404;motion;0;0
822;temp;27.0;27.0
242;temp;19.8;6.8
1938;co;0.0026;?
108;humidity;76.1;?
194;device;1c:bf:ce:15:ec:4d;1c:bf:ce:15:ec:4d
875;humidity;51.2;?
586;motion;0;0
2617;temp;19.8;6.8
2539;light;0;0
1530;humidity;51.2;?
1467;co;0.005;0.005
141;temp;27.0;27.0
1123;motion;0;0
1223;motion;0;0
178;motion;0;0
1507;humidity;51.2;?
2267;smoke;0.02;?
2615;temp;22.6;22.7
1979;smoke;0.018000000000000002;0.02
1469;humidity;51.2;?
1501;smoke;0.012;0.013999999999999999
208;humidity;75.6;?
429;device;1c:bf:ce:15:ec:4d;?
2556;smoke;0.018000000000000002;?
1918;motion;0;0
821;smoke;0.021;?
331;lpg;0.0051;0.0051
682;temp;19.6;6.8
1516;light;0;?
2699;light;1;1
2976;light;0;0
565;motion;0;0
732;smoke;0.021;?
1595;light;0;?
2116;humidity;75.6;?
428;temp;22.2;22.7
2167;co;0.0026;?
1778;lpg;0.0077;0.0077
1613;co;0.005;0.005
1534;temp;26.9;27.0
1403;temp;22.6;22.7
1818;device;1c:bf:ce:15:ec:4d;1c:bf:ce:15:ec:4d
338;motion;0;0
2;smoke;0.013000000000000001;0.013999999999999999
2362;device;00:0f:00:70:91:0a;?
1627;temp;22.6;22.7
116;motion;0;0
1843;motion;0;0
1886;temp;22.0;22.7
801;co;0.0028;0.0029
1290;co;0.0026;0.0029
1805;co;0.0042;0.005
2541;co;0.0042;?
947;lpg;0.0069;0.0077
2431;smoke;0.018000000000000002;?
1916;temp;26.8;27.0
775;humidity;77.7;?
104;temp;22.6;22.7
2402;temp;22.6;22.7
2214;humidity;77.9;?
362;smoke;0.021;?
2249;device;00:0f:00:70:91:0a;?
2177;lpg;0.0077;0.0077
811;light;0;?
981;light;0;?
1389;temp;19.8;6.8
2121;humidity;75.6;?
90;light;0;0
2924;device;00:0f:00:70:91:0a;00:0f:00:70:91:0a
2588;lpg;0.0077;0.0077
2101;co;0.005;0.005
442;light;1;1
2520;smoke;0.018000000000000002;?
1565;device;1c:bf:ce:15:ec:4d;1c:bf:ce:15:ec:4d
673;temp;27.0;27.0
2337;co;0.0025;?
1761;motion;0;0
1219;motion;0;0
2439;smoke;0.02;?
1204;temp;26.9;27.0
1858;device;b8:27:eb:bf:9d:51;b8:27:eb:bf:9d:51
1317;motion;0;0
2963;device;1c:bf:ce:15:ec:4d;?
722;co;0.005;0.005
2559;device;b8:27:eb:bf:9d:51;b8:27:eb:bf:9d:51
1819;co;0.0026;?
1505;device;1c:bf:ce:15:ec:4d;1c:bf:ce:15:ec:4d
1637;light;1;1
739;lpg;0.0049;0.0051
1066;smoke;0.012;0.013999999999999999
125;temp;19.7;6.8
1362;lpg;0.0078;0.0077
1033;co;0.005;0.005
77;humidity;76.0;?
2016;device;b8:27:eb:bf:9d:51;b8:27:eb:bf:9d:51
2109;device;1c:bf:ce:15:ec:4d;1c:bf:ce:15:ec:4d
265;co;0.0028;0.0029
249;smoke;0.018000000000000002;0.02
782;light;1;1
2380;smoke;0.021;?
377;device;00:0f:00:70:91:0a;?
2635;light;1;?
2454;lpg;0.0047;0.0051
2267;motion;0;0
1451;light;0;?
1895;light;0;?
191;co;0.0028;0.0029
1117;temp;22.6;22.7
2808;humidity;76.5;?
1747;motion;0;0
2701;smoke;0.012;?
2457;humidity;76.2;?
1387;lpg;0.0068;0.0077
2277;motion;0;0
2367;co;0.005;?
1691;light;0;0
2474;smoke;0.019;?
1726;humidity;49.5;?
996;light;1;1
1060;humidity;51.2;?
2825;light;0;?
483;light;0;?
1516;motion;0;0
2059;motion;0;0
144;smoke;0.013000000000000001;0.013999999999999999
349;lpg;0.0077;0.0077
2675;temp;26.7;?
2883;smoke;0.018000000000000002;?
2398;device;b8:27:eb:bf:9d:51;b8:27:eb:bf:9d:51
9;smoke;0.018000000000000002;0.02
138;temp;22.7;22.7
2457;temp;19.7;6.8
2012;co;0.0025;?
2022;smoke;0.021;?
387;humidity;48.9;?
258;co;0.005;0.005
2525;humidity;75.3;?
661;temp;22.3;22.7
1896;co;0.0026;0.0029
1078;lpg;0.006999999999999999;0.0077
1061;humidity;76.2;?
120;temp;27.0;27.0
1893;humidity;49.2;?
1589;co;0.0043;0.005
759;temp;19.5;6.8
1722;humidity;49.5;?
1118;temp;19.7;6.8
2788;temp;19.8;6.8
2906;device;00:0f:00:70:91:0a;?
173;temp;19.8;6.8
2711;co;0.0049;?
2963;temp;26.7;?
1522;temp;22.6;22.7
1119;device;1c:bf:ce:15:ec:4d;1c:bf:ce:15:ec:4d
1273;motion;0;0
2771;light;0;?
1524;humidity;76.3;?
1278;smoke;0.021;?
839;light;1;1
1510;humidity;77.6;?
1373;smoke;0.021;?
2748;motion;0;0
2562;co;0.005;?
794;motion;0;0
2284;motion;0;0
1562;smoke;0.018000000000000002;0.02
522;co;0.0043;0.005
1349;temp;22.6;22.7
2468;humidity;76.2;?
702;motion;0;0
1150;light;1;1
2699;lpg;0.006999999999999999;0.0077
713;device;1c:bf:ce:15:ec:4d;1c:bf:ce:15:ec:4d
1374;lpg;0.0048;0.0051
9;humidity;77.9;?
108;lpg;0.0051;0.0051
223;humidity;78.0;?
2291;temp;26.8;27.0
2821;humidity;76.8;?
139;co;0.0028;0.0029
453;smoke;0.021;?
2536;humidity;51.3;?
1643;smoke;0.021;?
2315;humidity;76.0;?
552;temp;19.5;6.8
1988;temp;26.8;27.0
2579;lpg;0.0077;0.0077
1722;light;0;0
1858;light;0;?
2116;co;0.0025;?
2764;device;b8:27:eb:bf:9d:51;b8:27:eb:bf:9d:51
405;motion;0;0
1522;humidity;51.2;?
2172;motion;0;0
503;motion;0;0
2726;co;0.0049;0.005
2490;device;1c:bf:ce:15:ec:4d;?
2502;smoke;0.012;?
2683;smoke;0.012;?
787;humidity;51.1;?
802;lpg;0.0078;0.0077
479;humidity;48.8;?
2627;device;b8:27:eb:bf:9d:51;b8:27:eb:bf:9d:51
1278;motion;0;0
1796;humidity;77.6;?
1387;humidity;77.5;?
1252;lpg;0.0069;0.0077
882;lpg;0.0078;0.0077
1660;light;1;1
2278;motion;0;0
2741;motion;0;0
2983;temp;22.6;22.7
967;co;0.0026;?
2650;temp;26.7;?
2718;humidity;76.5;?
2382;device;00:0f:00:70:91:0a;?
668;motion;0;0
1164;humidity;77.8;?
1737;temp;22.4;?
374;co;0.005;0.005
2374;light;1;?
1314;co;0.0026;0.0029
352;temp;22.3;?
1371;device;1c:bf:ce:15:ec:4d;1c:bf:ce:15:ec:4d
831;device;b8:27:eb:bf:9d:51;b8:27:eb:bf:9d:51
1898;lpg;0.0068;0.0077
1238;light;0;0
276;co;0.0028;0.005
2043;smoke;0.018000000000000002;0.02
39;co;0.005;0.005
1298;temp;22.7;22.7
99;light;0;0
1729;temp;22.4;22.7
2331;light;0;?
658;humidity;50.5;?
1518;lpg;0.0069;0.0077
2695;temp;22.6;22.7
2493;motion;0;?
679;light;1;?
2213;lpg;0.0047;?
2230;light;1;1
1305;lpg;0.0069;0.0077
432;temp;19.5;6.8
17;light;0;?
1133;temp;22.6;22.7
448;smoke;0.013000000000000001;0.013999999999999999
703;device;1c:bf:ce:15:ec:4d;1c:bf:ce:15:ec:4d
2700;device;b8:27:eb:bf:9d:51;b8:27:eb:bf:9d:51
1042;device;b8:27:eb:bf:9d:51;b8:27:eb:bf:9d:51
1086;humidity;76.1;?
904;light;0;0
1026;light;0;?
438;humidity;48.8;?
2749;co;0.0024;?
284;smoke;0.018000000000000002;0.02
2223;device;1c:bf:ce:15:ec:4d;1c:bf:ce:15:ec:4d
2106;motion;0;0
2779;light;1;1
473;light;1;1
2318;motion;0;0
591;lpg;0.0077;0.0077
2870;motion;0;0
2533;smoke;0.018000000000000002;?
730;co;0.0051;0.005
1816;smoke;0.018000000000000002;0.02
1442;lpg;0.0068;0.0077
1075;smoke;0.021;?
1956;light;0;0
630;smoke;0.013000000000000001;0.013999999999999999
2350;temp;26.8;?
2854;co;0.0041;?
507;motion;0;0
294;temp;22.5;22.7
769;smoke;0.019;0.02
911;smoke;0.018000000000000002;0.02
1063;co;0.0051;0.005
1146;temp;19.7;6.8
243;humidity;51.1;?
480;temp;27.0;27.0
2308;lpg;0.0068;0.0077
1036;light;0;?
186;co;0.005;0.005
2249;co;0.0025;?
2977;humidity;76.9;?
2850;motion;0;0
1463;temp;19.8;6.8
1812;co;0.005;0.005
875;lpg;0.0078;0.0077
586;lpg;0.0051;0.0051
1635;co;0.0025;0.0029
1195;lpg;0.0077;0.0077
846;lpg;0.0078;0.0077
2483;temp;22.6;22.7
1554;temp;26.9;27.0
2805;co;0.0049;0.005
2790;device;b8:27:eb:bf:9d:51;b8:27:eb:bf:9d:51
424;device;1c:bf:ce:15:ec:4d;1c:bf:ce:15:ec:4d
2039;motion;0;0
1550;smoke;0.021;?
2330;smoke;0.021;?
2399;co;0.0042;0.005
1653;co;0.005;0.005
723;temp;27.0;27.0
