{"1": [[0.0, 64.85, 0.0, 35.15, 65.31], [36.67, 16.67, 0.0, 46.67, 17.86], [0.0, 38.4, 0.0, 61.6, 32.6], [0.0, 100.0, 0.0, 0.0, 0.0], [58.52, 22.22, 0.0, 19.26, 0.0], [0.0, 100.0, 0.0, 0.0, 0.0], [10.0, 62.5, 0.0, 27.5, 18.0], [14.62, 43.44, 0.0, 41.93, 40.85], [0.0, 100.0, 0.0, 0.0, 0.0], [0.0, 100.0, 0.0, 0.0, 0.0], [0.0, 70.48, 0.0, 29.52, 30.61], [0.0, 85.13, 0.0, 14.87, 45.38], [0.0, 100.0, 0.0, 0.0, 0.0], [0.0, 100.0, 0.0, 0.0, 0.0], [0.24, 95.04, 0.0, 4.72, 1.39]], "2": [[0.0, 70.91, 0.0, 29.09, 67.6], [13.33, 43.33, 0.0, 43.33, 3.33], [0.0, 68.0, 0.0, 32.0, 54.9], [0.0, 100.0, 0.0, 0.0, 0.0], [29.63, 31.11, 0.0, 39.26, 1.71], [0.0, 100.0, 0.0, 0.0, 0.0], [5.0, 83.75, 0.0, 11.25, 2.86], [10.32, 60.86, 0.0, 28.82, 47.51], [0.0, 100.0, 0.0, 0.0, 0.0], [0.0, 100.0, 0.0, 0.0, 0.0], [0.0, 78.09, 0.0, 21.91, 57.67], [0.0, 85.13, 0.0, 14.87, 21.16], [0.0, 100.0, 0.0, 0.0, 0.0], [0.0, 100.0, 0.0, 0.0, 0.0], [0.0, 98.08, 0.0, 1.92, 21.62]], "3": [[0.0, 66.67, 0.0, 33.33, 65.76], [10.0, 73.33, 0.0, 16.67, 33.33], [0.0, 56.8, 0.0, 43.2, 45.76], [0.0, 100.0, 0.0, 0.0, 0.0], [15.55, 31.11, 0.0, 53.33, 0.65], [0.0, 100.0, 0.0, 0.0, 0.0], [2.5, 78.75, 0.0, 18.75, 6.67], [6.88, 71.83, 0.0, 21.29, 40.98], [0.0, 100.0, 0.0, 0.0, 0.0], [0.0, 100.0, 0.0, 0.0, 0.0], [0.0, 85.72, 0.0, 14.28, 44.83], [0.0, 94.36, 0.0, 5.64, 6.25], [0.0, 100.0, 0.0, 0.0, 0.0], [0.0, 100.0, 0.0, 0.0, 0.0], [0.0, 100.0, 0.0, 0.0, 0.0]], "4": [[0.0, 52.12, 0.0, 47.88, 55.55], [16.67, 66.67, 0.0, 16.67, 34.67], [0.0, 64.8, 0.0, 35.2, 43.21], [0.0, 100.0, 0.0, 0.0, 0.0], [7.41, 29.63, 0.0, 62.96, 0.0], [0.0, 100.0, 0.0, 0.0, 0.0], [1.25, 93.75, 0.0, 5.0, 0.0], [2.58, 84.73, 0.0, 12.69, 27.42], [0.0, 100.0, 0.0, 0.0, 0.0], [0.0, 100.0, 0.0, 0.0, 0.0], [0.0, 81.91, 0.0, 18.09, 41.13], [0.0, 97.44, 0.0, 2.56, 51.43], [0.0, 100.0, 0.0, 0.0, 0.0], [0.0, 100.0, 0.0, 0.0, 0.0], [0.0, 100.0, 0.0, 0.0, 0.0]], "5": [[0.0, 66.06, 0.0, 33.94, 56.32], [3.33, 46.67, 0.0, 50.0, 0.0], [0.0, 68.0, 0.0, 32.0, 53.06], [0.0, 100.0, 0.0, 0.0, 0.0], [4.44, 37.04, 0.0, 58.52, 0.0], [0.0, 100.0, 0.0, 0.0, 0.0], [2.5, 97.5, 0.0, 0.0, 6.67], [2.15, 83.87, 0.0, 13.98, 61.58], [0.0, 100.0, 0.0, 0.0, 0.0], [0.0, 100.0, 0.0, 0.0, 0.0], [0.0, 87.62, 0.0, 12.38, 0.0], [0.0, 98.97, 0.0, 1.03, 52.0], [0.0, 100.0, 0.0, 0.0, 0.0], [0.0, 100.0, 0.0, 0.0, 0.0], [0.0, 100.0, 0.0, 0.0, 0.0]], "10": [[0.0, 55.76, 0.0, 44.24, 58.88], [0.0, 66.67, 0.0, 33.33, 40.0], [0.0, 69.6, 0.0, 30.4, 44.28], [0.0, 100.0, 0.0, 0.0, 0.0], [0.0, 41.48, 0.0, 58.52, 0.0], [0.0, 100.0, 0.0, 0.0, 0.0], [0.0, 98.75, 0.0, 1.25, 0.0], [0.43, 89.68, 0.0, 9.89, 25.34], [0.0, 100.0, 0.0, 0.0, 0.0], [0.0, 100.0, 0.0, 0.0, 0.0], [0.0, 92.38, 0.0, 7.62, 0.0], [0.0, 87.69, 0.0, 12.31, 7.5], [0.0, 100.0, 0.0, 0.0, 0.0], [0.0, 100.0, 0.0, 0.0, 0.0], [0.0, 100.0, 0.0, 0.0, 0.0]], "20": [[0.0, 31.51, 0.0, 68.49, 44.8], [0.0, 76.67, 0.0, 23.33, 10.0], [0.0, 40.0, 2.4, 57.6, 61.08], [0.0, 100.0, 0.0, 0.0, 20.0], [0.0, 71.85, 0.0, 28.15, 0.0], [0.0, 100.0, 0.0, 0.0, 0.0], [0.0, 100.0, 0.0, 0.0, 0.0], [0.0, 65.59, 0.0, 34.41, 28.38], [0.0, 100.0, 0.0, 0.0, 0.0], [0.0, 98.38, 0.0, 1.62, 20.0], [0.0, 81.9, 0.0, 18.1, 57.58], [0.0, 80.0, 0.0, 20.0, 49.04], [0.0, 100.0, 0.0, 0.0, 0.0], [0.0, 100.0, 0.0, 0.0, 0.0], [0.0, 98.92, 0.0, 1.08, 45.71]], "30": [[0.0, 43.03, 0.0, 56.97, 44.38], [0.0, 100.0, 0.0, 0.0, 0.0], [0.0, 25.6, 3.2, 71.2, 64.06], [0.0, 20.0, 0.0, 80.0, 77.69], [0.0, 94.08, 0.0, 5.92, 0.0], [0.0, 100.0, 0.0, 0.0, 0.0], [0.0, 96.25, 0.0, 3.75, 0.0], [0.22, 40.65, 0.0, 59.14, 36.54], [0.0, 100.0, 0.0, 0.0, 0.0], [0.0, 25.41, 0.0, 74.59, 52.57], [0.0, 71.43, 0.0, 28.57, 70.03], [0.0, 40.0, 0.0, 60.0, 58.49], [0.0, 100.0, 0.0, 0.0, 0.0], [0.0, 100.0, 0.0, 0.0, 0.0], [0.0, 65.52, 0.0, 34.48, 40.82]], "40": [[0.0, 70.3, 0.0, 29.7, 52.0], [0.0, 100.0, 0.0, 0.0, 0.0], [0.0, 15.2, 13.6, 71.2, 72.75], [0.0, 38.33, 1.67, 60.0, 83.85], [0.0, 100.0, 0.0, 0.0, 0.0], [0.0, 100.0, 0.0, 0.0, 0.0], [0.0, 63.75, 0.0, 36.25, 20.0], [0.22, 14.62, 0.0, 85.16, 36.49], [0.0, 100.0, 0.0, 0.0, 0.0], [0.0, 9.73, 0.0, 90.27, 68.21], [0.0, 21.9, 0.0, 78.1, 60.02], [0.0, 3.59, 0.0, 96.41, 60.71], [0.0, 89.7, 0.0, 10.3, 33.33], [0.0, 86.3, 0.0, 13.7, 20.0], [0.04, 27.88, 0.0, 72.08, 44.98]], "10": [[0.0, 99.39, 0.0, 0.61, 0.0], [0.0, 100.0, 0.0, 0.0, 0.0], [0.0, 4.8, 19.2, 76.0, 73.7], [1.67, 18.33, 5.0, 75.0, 85.94], [0.0, 100.0, 0.0, 0.0, 0.0], [0.0, 100.0, 0.0, 0.0, 0.0], [0.0, 56.25, 0.0, 43.75, 27.42], [0.86, 12.26, 0.0, 86.88, 37.35], [0.0, 100.0, 0.0, 0.0, 0.0], [0.54, 4.87, 0.54, 94.05, 68.42], [0.0, 18.1, 0.0, 81.9, 62.25], [0.0, 10.26, 0.0, 89.74, 64.68], [0.0, 20.61, 0.0, 79.39, 56.27], [0.0, 38.52, 0.0, 61.48, 39.54], [0.36, 18.36, 0.04, 81.24, 51.74]]}